Location	Mutation	Normalized_FitnessMetric	Unselected_Reads	Selected_Reads	RawLog2
1	*	-1.4393	162	7	-4.895145761
1	F	-0.3608	107	112	-0.296762745
1	W	-0.5271	197	138	-0.876178043
1	Y	-0.87	123	34	-2.217702344
1	P	-0.1167	23	41	0.471339368
1	M	-0.0443	33	68	0.680418042
1	I	-1.5772	77	2	-5.629437221
1	L	-0.6278	98	53	-1.24944007
1	V	-0.8386	109	33	-2.086440886
1	A	-0.3827	190	189	-0.370263864
1	G	-0.0225	133	286	0.741938221
1	C	-0.9256	81	19	-2.45457317
1	S	0	None	None	None
1	T	-1.0377	90	15	-2.947613181
1	N	-1.3904	136	7	-4.642758599
1	Q	0.0881	34	90	1.041739575
1	D	0.0257	67	158	0.875040878
1	E	-0.3804	13	13	-0.36265068
1	H	-0.1723	34	54	0.304773981
1	K	-0.9516	106	23	-2.567009179
1	R	-0.4122	152	141	-0.471026841
2	*	-0.8282	109	34	-2.043372164
2	F	0.9674	13	115	2.782399653
2	W	0.261	44	157	1.47253845
2	Y	NS	4	9	0.807274321
2	P	-0.0898	34	64	0.549886479
2	M	0.2387	25	86	1.419757885
2	I	NS	None	1	None
2	L	0.0402	52	126	0.914189525
2	V	0.3359	46	185	1.645168824
2	A	-0.0226	80	172	0.74168598
2	G	-0.3586	115	121	-0.289277494
2	C	-0.5721	8	5	-1.040722585
2	S	0	None	None	None
2	T	0.2492	8	28	1.444704242
2	N	0.0677	20	51	0.987846567
2	Q	-0.3804	6	6	-0.36265068
2	D	NS	3	48	3.63734932
2	E	0.2417	35	121	1.42692954
2	H	-0.0006	37	83	0.802935386
2	K	NS	None	None	None
2	R	-0.2414	138	189	0.091067287
3	*	-1.7887	88	1	-6.822082299
3	F	-0.3188	72	83	-0.15753625
3	W	-0.047	60	123	0.67297323
3	Y	-0.1655	18	29	0.325405314
3	P	-0.3093	45	53	-0.126583322
3	M	0.6955	20	132	2.359815344
3	I	NS	4	35	2.766632337
3	L	-0.0295	173	367	0.722357345
3	V	0.1479	129	380	1.195977673
3	A	-0.1397	30	51	0.402884066
3	G	-0.0389	145	302	0.695844969
3	C	-0.5781	39	24	-1.063090398
3	S	0	None	None	None
3	T	0.1805	17	53	1.277806933
3	N	0.1882	44	139	1.296858774
3	Q	NS	None	50	None
3	D	0.5595	18	100	2.111280508
3	E	NS	None	27	None
3	H	NS	None	5	None
3	K	NS	4	22	2.096780938
3	R	0.3324	48	192	1.63734932
4	*	-1.4322	29	None	-4.857980995
4	F	NS	3	41	3.409938824
4	W	-0.1135	34	61	0.480623816
4	Y	0.1656	26	79	1.24069035
4	P	0.0255	14	33	0.874388517
4	M	NS	None	None	None
4	I	-0.5468	21	14	-0.947613181
4	L	-0.1427	116	196	0.394078169
4	V	0.0578	133	333	0.961445251
4	A	0.001	36	81	0.807274321
4	G	-0.0041	193	430	0.793085132
4	C	-0.6988	38	17	-1.523115352
4	S	0.3171	105	410	1.602583902
4	T	-0.0595	75	150	0.63734932
4	N	0.3106	37	143	1.587767291
4	Q	-0.3205	135	155	-0.163341872
4	D	0.3374	64	258	1.648576575
4	E	-0.0068	60	133	0.78574116
4	H	0	None	None	None
4	K	-0.0543	49	99	0.651996096
4	R	0.0589	271	680	0.964591215
5	*	NS	1	None	None
5	F	NS	None	None	None
5	W	-0.1158	14	25	0.473850588
5	Y	-0.5536	58	38	-0.972704162
5	P	0	None	None	None
5	M	NS	None	None	None
5	I	NS	None	4	None
5	L	-0.1331	47	81	0.422610471
5	V	-0.565	11	7	-1.014727377
5	A	NS	None	2	None
5	G	0.4529	53	254	1.898113552
5	C	-1.6783	73	None	-6.189824559
5	S	0.3916	29	127	1.768053011
5	T	-0.2258	24	34	0.13984966
5	N	NS	2	63	3.835501268
5	Q	-0.0595	68	136	0.63734932
5	D	NS	None	None	None
5	E	NS	None	None	None
5	H	NS	3	2	-0.947613181
5	K	NS	None	None	None
5	R	-0.2864	25	31	-0.05231056
6	*	NS	None	None	None
6	F	0.0414	7	17	0.917457239
6	W	0.4558	16	77	1.904135861
6	Y	0.5954	17	99	2.179243099
6	P	NS	2	5	0.959277415
6	M	3.7753	5	131	3.835501268
6	I	0.0569	16	40	0.959277415
6	L	0.3324	14	56	1.63734932
6	V	0	None	None	None
6	A	0.5209	33	174	2.035898696
6	G	0.2708	238	863	1.495748306
6	C	NS	2	3	0.222311821
6	S	0.5922	15	87	2.17340222
6	T	0.4443	15	71	1.880205844
6	N	NS	None	None	None
6	Q	1.2733	5	57	3.148311239
6	D	NS	4	25	2.28120551
6	E	-0.1135	34	61	0.480623816
6	H	0.4434	11	52	1.878357419
6	K	NS	None	None	None
6	R	0.1868	132	416	1.293394919
7	*	-1.3986	140	7	-4.684578775
7	F	0	None	None	None
7	W	0.3707	74	314	1.722516703
7	Y	0.0949	125	335	1.059582321
7	P	-0.6257	57	31	-1.241344384
7	M	2.0537	7	114	3.662884412
7	I	0.0827	103	270	1.02766439
7	L	0.2537	192	677	1.455398843
7	V	0.2049	144	468	1.337789038
7	A	0.6491	17	106	2.277806933
7	G	0.9211	22	186	2.717076512
7	C	-0.0698	74	145	0.607805044
7	S	0.276	163	596	1.507789686
7	T	0.319	60	235	1.606975671
7	N	0.5209	22	116	2.035898696
7	Q	0.8577	13	103	2.623410129
7	D	0.3633	46	193	1.706244401
7	E	1.0977	19	189	2.951664231
7	H	-0.2519	65	87	0.057925003
7	K	0.6738	7	45	2.321847494
7	R	-0.0076	122	270	0.783427579
8	*	-1.5193	93	3	-5.316846991
8	F	-0.1774	7	11	0.289426016
8	W	-0.9785	10	2	-2.684578775
8	Y	0.0125	40	92	0.838983181
8	P	1.6592	9	128	3.467424318
8	M	-0.2418	19	26	0.089861525
8	I	NS	None	4	None
8	L	0.1962	84	269	1.31649426
8	V	-0.2803	109	137	-0.032802922
8	A	0.1108	62	171	1.101005524
8	G	0.2144	76	251	1.36096536
8	C	0.3785	17	73	1.739711037
8	S	NS	None	1	None
8	T	NS	None	None	None
8	N	0.2014	13	42	1.329227024
8	Q	0.0671	53	135	0.986244462
8	D	0.5159	38	199	2.026046427
8	E	-0.0326	46	97	0.713700206
8	H	0	None	None	None
8	K	NS	None	None	None
8	R	0.4362	87	407	1.863290808
9	*	-0.7883	146	51	-1.880049897
9	F	-0.1388	91	155	0.405679085
9	W	-0.5149	54	39	-0.832135963
9	Y	-0.4587	88	73	-0.63225774
9	P	0.1304	167	477	1.151490483
9	M	1.6249	8	112	3.444704242
9	I	-0.3295	64	72	-0.192725679
9	L	0.1079	195	535	1.093414087
9	V	0.0944	245	656	1.058263385
9	A	0.4274	110	508	1.844674293
9	G	0.321	408	1603	1.611482688
9	C	-0.7013	36	16	-1.532575682
9	S	0.2761	280	1024	1.508066303
9	T	0.5767	60	341	2.144086653
9	N	0.3243	119	470	1.619048503
9	Q	0.0253	73	172	0.873789516
9	D	0.4976	171	873	1.989334649
9	E	0.5147	149	779	2.023660317
9	H	0.6738	21	135	2.321847494
9	K	0.1087	111	305	1.095598886
9	R	0	None	None	None
10	*	-1.3122	19	None	-4.247927513
10	F	-1.1497	60	7	-3.462186354
10	W	-1.0185	260	46	-2.861456537
10	Y	-0.8329	26	8	-2.063090398
10	P	0.0913	163	434	1.050172398
10	M	NS	2	32	3.63734932
10	I	-1.3608	35	2	-4.491933697
10	L	-0.5019	126	94	-0.785341752
10	V	-0.6244	317	173	-1.236361483
10	A	0.2901	81	303	1.5406733
10	G	0	None	None	None
10	C	-0.1213	205	362	0.457715107
10	S	0.007	174	396	0.823762444
10	T	NS	1	14	3.444704242
10	N	NS	1	1	-0.36265068
10	Q	0.3822	22	95	1.74777331
10	D	-0.0811	95	182	0.575288352
10	E	0.1989	23	74	1.323240729
10	H	-0.1446	41	69	0.388321772
10	K	-0.0366	76	159	0.702304762
10	R	0.3856	194	842	1.755112901
11	*	-1.0445	288	47	-2.97798683
11	F	-0.2685	62	80	0.005081104
11	W	-0.4938	134	102	-0.756314529
11	Y	-0.2509	41	55	0.061157029
11	P	-0.1648	44	71	0.327664821
11	M	0.1238	96	271	1.13453586
11	I	-0.2473	71	96	0.072564701
11	L	-0.0293	123	261	0.722740811
11	V	-0.0314	256	541	0.716834104
11	A	-0.2422	158	216	0.088456074
11	G	-0.0589	805	1612	0.639140375
11	C	-0.6292	245	132	-1.2548945
11	S	-0.1437	204	344	0.391188733
11	T	-0.2719	164	210	-0.005957167
11	N	-0.305	37	44	-0.112672427
11	Q	0.1694	86	263	1.250003554
11	D	0.1521	93	276	1.206714966
11	E	0	None	None	None
11	H	-0.5721	8	5	-1.040722585
11	K	0.0261	50	118	0.876136179
11	R	-0.096	270	502	0.532077277
12	*	-1.2804	53	4	-4.090571135
12	F	0	None	None	None
12	W	-0.472	66	53	-0.679124345
12	Y	0.0074	36	82	0.824976323
12	P	NS	None	None	None
12	M	NS	3	1	-1.947613181
12	I	-0.1192	53	94	0.464017717
12	L	-0.0777	70	135	0.5848819
12	V	0.0201	84	196	0.859741741
12	A	0.269	91	329	1.491498453
12	G	0.4081	133	597	1.803654006
12	C	0.1235	297	838	1.133836633
12	S	0.2653	32	115	1.482839371
12	T	-0.3349	9	10	-0.210647587
12	N	0.6616	15	95	2.300314333
12	Q	0.7718	14	101	2.488205881
12	D	0.4369	41	192	1.864759816
12	E	NS	None	None	None
12	H	NS	1	4	1.63734932
12	K	-0.2928	36	44	-0.073144063
12	R	-0.0199	62	134	0.7492422
13	*	-0.8868	19	5	-2.288650099
13	F	-0.8818	191	51	-2.267654166
13	W	NS	2	1	-1.36265068
13	Y	-0.7292	34	14	-1.642758599
13	P	-0.4709	190	153	-0.675118446
13	M	-0.7218	69	29	-1.613194142
13	I	-1.6143	57	None	-5.832890014
13	L	-1.3919	371	19	-4.649998543
13	V	-0.9023	179	45	-2.354613361
13	A	-0.2061	115	170	0.201250205
13	G	-0.0066	46	102	0.786212706
13	C	-1.0508	50	8	-3.00650687
13	S	0	None	None	None
13	T	-0.1627	116	188	0.333957176
13	N	-0.5052	50	37	-0.797053504
13	Q	NS	None	None	None
13	D	-0.0527	37	75	0.656714645
13	E	0.0974	13	35	1.066192619
13	H	0.7689	42	302	2.483436636
13	K	-0.1774	7	11	0.289426016
13	R	-0.2095	154	226	0.190741742
14	*	-1.327	20	None	-4.321928095
14	F	-0.5398	84	57	-0.922078089
14	W	-1.0867	9	None	-3.169925001
14	Y	-1.7604	101	None	-6.658211483
14	P	-0.1457	81	136	0.384962158
14	M	NS	1	None	None
14	I	-0.3226	21	24	-0.170005602
14	L	-1.0465	37	6	-2.987141545
14	V	0	None	None	None
14	A	-0.0745	68	132	0.594280598
14	G	-0.8674	158	44	-2.20699981
14	C	0.3324	35	140	1.63734932
14	S	0.122	86	242	1.129947802
14	T	-0.0221	79	170	0.742959508
14	N	NS	None	1	None
14	Q	0.0497	15	37	0.93991209
14	D	-0.2897	13	16	-0.063090398
14	E	-0.9437	9	2	-2.532575682
14	H	-1.0713	20	3	-3.099616274
14	K	-1.1758	12	None	-3.584962501
14	R	-1.6563	67	None	-6.06608919
15	*	-0.9514	175	38	-2.565934279
15	F	-1.2066	93	9	-3.73188449
15	W	-1.2023	163	16	-3.711378834
15	Y	-0.6371	108	57	-1.284648168
15	P	-1.692	77	None	-6.266786541
15	M	-1.7489	75	1	-6.591469371
15	I	-1.7969	117	None	-6.87036472
15	L	-1.4695	284	11	-5.052966181
15	V	-1.821	301	3	-7.011307856
15	A	-2.0865	310	1	-8.638775085
15	G	-1.5135	698	23	-5.28617195
15	C	0	None	None	None
15	S	-1.2679	292	23	-4.028913283
15	T	-1.44	116	5	-4.89870358
15	N	-1.1678	100	11	-3.547075251
15	Q	-1.5193	62	2	-5.316846991
15	D	-1.6563	67	None	-6.06608919
15	E	-1.8542	115	1	-7.208140731
15	H	-1.2965	18	None	-4.169925001
15	K	-1.2823	40	3	-4.099616274
15	R	-1.1413	392	47	-3.422771673
16	*	-1.4224	28	None	-4.807354922
16	F	-0.9558	6	None	-2.584962501
16	W	-0.8946	5	None	-2.321928095
16	Y	-0.7113	37	16	-1.572104046
16	P	NS	1	None	None
16	M	-1.4123	27	None	-4.754887502
16	I	-1.4017	26	None	-4.700439718
16	L	-1.7725	106	None	-6.727920455
16	V	-1.0867	224	32	-3.170005602
16	A	-0.175	126	199	0.296694017
16	G	-0.5432	330	222	-0.934557028
16	C	-1.3411	21	None	-4.392317423
16	S	-0.1822	45	70	0.27477924
16	T	-0.8486	17	5	-2.128185427
16	N	-0.1864	24	37	0.261840185
16	Q	-0.7675	54	20	-1.795610087
16	D	0	None	None	None
16	E	-0.1234	62	109	0.451337334
16	H	-0.9471	50	11	-2.547075251
16	K	NS	None	5	None
16	R	-1.2276	133	12	-3.832970615
17	*	-0.6959	102	46	-1.511514066
17	F	-1.6953	78	None	-6.285402219
17	W	-1.5012	58	2	-5.220631675
17	Y	-1.344	33	2	-4.4070448
17	P	-0.2031	41	61	0.210534653
17	M	-1.3671	23	None	-4.523561956
17	I	-1.6143	57	None	-5.832890014
17	L	-0.9853	245	48	-2.714326118
17	V	-1.8782	127	1	-7.351335367
17	A	-0.2553	210	279	0.047225114
17	G	-0.1532	349	577	0.362693602
17	C	-1.5902	52	None	-5.700439718
17	S	0	None	None	None
17	T	-0.9392	111	25	-2.513210357
17	N	NS	4	None	None
17	Q	-0.4546	37	31	-0.617907735
17	D	-1.2633	25	2	-4.00650687
17	E	-1.2429	35	3	-3.906971196
17	H	-1.5397	43	None	-5.426264755
17	K	NS	None	None	None
17	R	-1.0802	48	7	-3.140258259
18	*	-1.2716	90	7	-4.047148854
18	F	-0.5062	168	124	-0.800771793
18	W	-0.8586	35	10	-2.170005602
18	Y	-0.389	100	98	-0.391797026
18	P	-1.5104	60	2	-5.269541276
18	M	-0.4311	150	133	-0.536186935
18	I	-0.3804	87	87	-0.36265068
18	L	-0.7183	132	56	-1.599689877
18	V	0	None	None	None
18	A	-0.2191	64	92	0.160911276
18	G	-1.4893	333	12	-5.157066547
18	C	-1.1206	78	10	-3.326124804
18	S	-0.5456	178	119	-0.943566348
18	T	0.0087	60	137	0.828490807
18	N	0.1998	9	29	1.325405314
18	Q	-0.7397	10	4	-1.684578775
18	D	0.089	66	175	1.044166312
18	E	NS	None	40	None
18	H	0.2744	17	62	1.504082789
18	K	NS	None	None	None
18	R	-0.1931	50	76	0.241420644
19	*	-1.1783	480	51	-3.597115934
19	F	-1.1851	664	69	-3.629165655
19	W	-1.6593	949	18	-6.082989956
19	Y	-1.0969	282	39	-3.216799814
19	P	-0.9388	337	76	-2.511327948
19	M	-2.0634	360	None	-8.491853096
19	I	-1.3352	352	22	-4.36265068
19	L	-1.7272	1101	16	-6.467249434
19	V	-1.5581	860	24	-5.525881029
19	A	-0.8679	1165	324	-2.208914917
19	G	-0.4467	2666	2277	-0.590193169
19	C	-1.2392	1037	90	-3.888997763
19	S	0	None	None	None
19	T	-0.9785	215	43	-2.684578775
19	N	-0.8586	98	28	-2.170005602
19	Q	-1.1224	204	26	-3.334636304
19	D	-1.5119	543	18	-5.277534067
19	E	-1.6799	457	8	-6.198701035
19	H	-1.4253	154	7	-4.822082299
19	K	-1.7677	104	None	-6.700439718
19	R	-1.4284	1001	45	-4.838023843
20	*	-1.6985	79	None	-6.303780748
20	F	0.0089	102	233	0.829110123
20	W	-0.7253	209	87	-1.627066316
20	Y	0.4098	10	45	1.807274321
20	P	-1.4714	52	2	-5.063090398
20	M	-0.0116	102	224	0.7722789
20	I	-0.1106	82	148	0.489250681
20	L	0.0065	252	573	0.822460725
20	V	0	None	None	None
20	A	0.3466	360	1472	1.66905818
20	G	0.2223	3957	13244	1.380209265
20	C	-0.4007	257	245	-0.43163729
20	S	0.2603	356	1269	1.471092243
20	T	-0.0023	89	199	0.798240509
20	N	0.4968	20	102	1.987846567
20	Q	0.0129	63	145	0.839978486
20	D	-0.4059	206	194	-0.449238365
20	E	0.4959	193	983	1.985939889
20	H	0.2308	38	129	1.400649062
20	K	NS	None	1	None
20	R	0.4684	550	2695	1.930131069
21	*	-0.9196	247	59	-2.428374862
21	F	-1.723	87	None	-6.442943496
21	W	0	None	None	None
21	Y	-1.3525	85	5	-4.450113521
21	P	-1.6524	66	None	-6.044394119
21	M	-1.7141	84	None	-6.392317423
21	I	-0.9311	39	9	-2.478127898
21	L	-1.1932	257	26	-3.667835511
21	V	-1.8893	171	None	-7.417852515
21	A	-1.8893	266	2	-7.417933116
21	G	-1.5772	154	4	-5.629437221
21	C	-0.92	197	47	-2.430113648
21	S	-1.5247	253	8	-5.345644255
21	T	-1.3122	19	None	-4.247927513
21	N	NS	None	None	None
21	Q	NS	2	None	None
21	D	-1.5397	43	None	-5.426264755
21	E	-0.5219	31	22	-0.857415372
21	H	-1.8444	142	None	-7.14974712
21	K	-1.0453	43	7	-2.981560513
21	R	-0.9042	220	55	-2.36265068
22	*	-1.9132	189	None	-7.562242424
22	F	-1.2711	154	12	-4.04447472
22	W	-1.7554	99	None	-6.62935662
22	Y	-0.9453	104	23	-2.539528442
22	P	-1.9107	187	None	-7.54689446
22	M	-1.598	125	3	-5.743472464
22	I	-0.0756	143	277	0.591220149
22	L	-1.391	292	15	-4.645584643
22	V	0	None	None	None
22	A	-0.7686	214	79	-1.800336918
22	G	-1.318	784	52	-4.276920806
22	C	-0.6088	95	54	-1.177618786
22	S	-0.9344	512	117	-2.492285961
22	T	-0.2552	219	291	0.047437603
22	N	0.0303	177	421	0.887420193
22	Q	-1.024	92	16	-2.886212636
22	D	-1.1109	242	32	-3.281513917
22	E	-1.3871	192	10	-4.625685086
22	H	-1.2895	82	6	-4.135240184
22	K	-0.9185	217	52	-2.423762194
22	R	-0.4098	508	474	-0.462592118
23	*	-1.1083	15	2	-3.269541276
23	F	-1.6563	67	None	-6.06608919
23	W	-1.1013	66	9	-3.237119798
23	Y	-0.6909	70	32	-1.491933697
23	P	-1.8052	121	None	-6.918863237
23	M	-0.7327	76	31	-1.656381883
23	I	-1.3791	24	None	-4.584962501
23	L	-1.7438	294	4	-6.562323025
23	V	-0.9382	239	54	-2.508629986
23	A	0.001	16	36	0.807274321
23	G	0	None	None	None
23	C	-0.6104	53	30	-1.183680539
23	S	-0.1581	440	720	0.347842703
23	T	0.6856	23	150	2.342606054
23	N	-0.0866	76	144	0.559346808
23	Q	-1.0985	109	15	-3.223944409
23	D	-0.075	33	64	0.5929552
23	E	-1.0673	79	12	-3.081468928
23	H	-0.7794	67	24	-1.84377737
23	K	-0.8868	38	10	-2.288650099
23	R	-0.4092	213	199	-0.46073568
24	*	-1.4507	31	None	-4.95419631
24	F	-1.5134	91	3	-5.28548282
24	W	-1.6001	54	None	-5.754887502
24	Y	-0.8347	49	15	-2.070469929
24	P	-1.5634	47	None	-5.554588852
24	M	-1.484	35	None	-5.129283017
24	I	-1.5518	45	None	-5.491853096
24	L	-1.8687	157	None	-7.294620749
24	V	-0.9075	307	76	-2.376818012
24	A	-0.734	187	76	-1.661617627
24	G	-0.4033	610	578	-0.44039043
24	C	-1.4761	34	None	-5.087462841
24	S	-1.0531	170	27	-3.017154114
24	T	-0.6006	62	36	-1.146921989
24	N	0.0611	77	194	0.970475621
24	Q	-1.3166	105	7	-4.269541276
24	D	0	None	None	None
24	E	-0.6531	259	131	-1.346035966
24	H	-0.2747	11	14	-0.014727377
24	K	-1.6456	50	1	-6.00650687
24	R	-1.4494	168	7	-4.947613181
25	*	-1.1835	450	47	-3.62184302
25	F	-1.8152	126	None	-6.977279924
25	W	-1.8593	151	None	-7.238404739
25	Y	-1.624	46	1	-5.886212636
25	P	-1.7817	110	None	-6.781359714
25	M	-0.8526	172	50	-2.145059245
25	I	-1.4818	27	1	-5.117538182
25	L	-1.8561	149	None	-7.21916852
25	V	-1.7858	174	2	-6.805594176
25	A	-1.2869	149	11	-4.122387582
25	G	-1.8429	439	4	-7.14072781
25	C	-1.0987	80	11	-3.225147156
25	S	-1.113	335	44	-3.291236347
25	T	-1.2153	117	11	-3.773583781
25	N	-0.5295	135	94	-0.884877426
25	Q	-0.6399	21	11	-1.295536484
25	D	-1.0867	105	15	-3.170005602
25	E	-0.8586	266	76	-2.170005602
25	H	-0.6919	68	31	-1.495917211
25	K	0	None	None	None
25	R	-0.3804	239	239	-0.36265068
26	*	-1.3733	384	21	-4.555295758
26	F	-0.3168	247	286	-0.151146575
26	W	-0.8611	409	116	-2.180626718
26	Y	-0.4249	190	171	-0.514653774
26	P	-1.4848	273	10	-5.133479726
26	M	-0.3776	457	460	-0.353210984
26	I	-0.489	335	258	-0.73944071
26	L	-0.6603	1187	589	-1.373631076
26	V	-0.2212	803	1149	0.154256225
26	A	-0.4492	814	691	-0.598993764
26	G	-0.4967	483	365	-0.766777405
26	C	-1.2729	297	23	-4.053407845
26	S	-0.2906	858	1054	-0.065825366
26	T	0	None	None	None
26	N	-0.5808	576	352	-1.073144063
26	Q	-0.2984	169	204	-0.091104774
26	D	-1.1292	417	52	-3.366114535
26	E	-0.6451	120	62	-1.315344965
26	H	-0.3433	100	109	-0.238322545
26	K	-0.0063	352	781	0.787096439
26	R	0.032	1111	2651	0.892027173
27	*	-1.3593	383	22	-4.484419643
27	F	-0.4267	231	207	-0.520912764
27	W	-0.0895	447	842	0.550894722
27	Y	-0.0046	177	394	0.791795589
27	P	-1.5549	177	5	-5.508328135
27	M	-0.0357	209	438	0.704777247
27	I	-0.2194	346	497	0.159823134
27	L	-0.2569	766	1014	0.041990675
27	V	0.0044	669	1515	0.816588998
27	A	-0.7521	714	276	-1.733906487
27	G	-1.5062	1477	50	-5.247248601
27	C	-0.8757	309	84	-2.241796285
27	S	-0.3562	673	712	-0.281379944
27	T	0	None	None	None
27	N	-0.0728	248	483	0.599032388
27	Q	-0.6307	136	73	-1.260288963
27	D	-2.0037	216	1	-8.117538182
27	E	-1.3232	353	23	-4.302613097
27	H	0.0757	114	295	1.00903045
27	K	0.0236	215	505	0.869296048
27	R	0.0316	923	2201	0.891105912
28	*	NS	None	None	None
28	F	-1.1491	11	None	-3.459431619
28	W	-1.5064	38	None	-5.247927513
28	Y	-1.5938	82	2	-5.720202685
28	P	-1.1647	36	4	-3.532575682
28	M	-1.5798	50	None	-5.64385619
28	I	-1.7817	110	None	-6.781359714
28	L	-1.8911	134	1	-7.428739871
28	V	-1.1021	272	37	-3.240660156
28	A	0	None	None	None
28	G	-1.1997	404	40	-3.698934068
28	C	-1.8656	155	None	-7.276124405
28	S	-1.2725	245	19	-4.051361106
28	T	-0.1662	23	37	0.323240729
28	N	-1.4917	36	None	-5.169925001
28	Q	-1.6233	59	None	-5.882643049
28	D	-1.0295	193	33	-2.910713598
28	E	-0.8773	85	23	-2.24847966
28	H	-1.0867	9	None	-3.169925001
28	K	-1.262	16	None	-4
28	R	-1.6853	75	None	-6.228818691
29	*	-1.548	207	6	-5.471175137
29	F	0.0229	220	516	0.867216862
29	W	-0.4658	65	53	-0.657098039
29	Y	0.0043	159	360	0.816319461
29	P	-1.3242	231	15	-4.307509126
29	M	0.3618	70	293	1.702823157
29	I	0.5731	64	362	2.137195207
29	L	0.025	549	1293	0.873193541
29	V	-0.0256	335	716	0.733147812
29	A	-0.8892	287	75	-2.298738916
29	G	-1.5524	491	14	-5.494874972
29	C	-0.2156	58	84	0.171685747
29	S	-1.0229	487	85	-2.881037706
29	T	0	None	None	None
29	N	-1.2418	93	8	-3.901809491
29	Q	-0.4579	231	192	-0.629437221
29	D	-1.799	118	None	-6.882643049
29	E	-0.9539	116	25	-2.576775486
29	H	-0.5434	58	39	-0.935229456
29	K	-0.1976	184	277	0.22752953
29	R	-0.1354	513	880	0.415894018
30	*	-1.2606	1251	101	-3.993305272
30	F	-1.5873	960	24	-5.684578775
30	W	-1.8481	1009	9	-7.171436138
30	Y	-1.3018	898	63	-4.195942391
30	P	-1.2543	885	73	-3.962359766
30	M	-1.7777	842	10	-6.758399008
30	I	-1.7267	824	12	-6.464188707
30	L	-1.4963	2107	74	-5.194171913
30	V	-1.4804	1934	72	-5.110097758
30	A	-1.6609	1379	26	-6.091617704
30	G	-1.5313	3112	96	-5.381314524
30	C	-1.6089	912	21	-5.803223272
30	S	-1.5061	2155	73	-5.246298275
30	T	-0.6076	763	435	-1.173318336
30	N	-1.1903	656	67	-3.654113494
30	Q	-1.8226	404	4	-7.020862163
30	D	0	None	None	None
30	E	-1.351	761	45	-4.442550227
30	H	-1.4625	453	18	-5.016092919
30	K	-2.0257	475	2	-8.254434383
30	R	-1.563	2044	56	-5.552475239
31	*	-1.5302	678	21	-5.375474721
31	F	-1.0957	425	59	-3.211326662
31	W	-1.1598	186	21	-3.509492068
31	Y	-1.0281	198	34	-2.904544459
31	P	-0.7263	159	66	-1.631139516
31	M	-0.2128	151	220	0.180304294
31	I	0	None	None	None
31	L	-0.7714	677	248	-1.811466393
31	V	-0.6211	723	398	-1.223877897
31	A	-0.9015	377	95	-2.351215785
31	G	-1.6931	782	13	-6.273235759
31	C	-1.4174	278	13	-4.781152035
31	S	-0.7435	533	211	-1.699543214
31	T	-0.9603	298	63	-2.604539277
31	N	-1.0641	202	31	-3.066665853
31	Q	-0.9485	105	23	-2.553334242
31	D	-1.0135	128	23	-2.839088724
31	E	-1.326	155	10	-4.316846991
31	H	-1.1601	266	30	-3.51104252
31	K	-1.9449	168	1	-7.754968103
31	R	-1.1816	723	76	-3.612575004
32	*	-1.0924	563	79	-3.195861044
32	F	-0.7404	268	107	-1.687272884
32	W	-1.2512	444	37	-3.947613181
32	Y	-0.4286	102	91	-0.527281382
32	P	-1.8464	334	3	-7.161392472
32	M	-0.2699	503	647	0.000556632
32	I	-1.5594	360	10	-5.532575682
32	L	-0.7113	888	384	-1.572104046
32	V	-1.3593	818	47	-4.484018861
32	A	-0.0549	653	1318	0.650544793
32	G	-0.3414	1383	1514	-0.232086631
32	C	-1.3385	259	16	-4.379458968
32	S	0.211	887	2913	1.352849012
32	T	0.2539	408	1439	1.455774855
32	N	0.0366	307	739	0.904685029
32	Q	-0.4561	230	192	-0.62317823
32	D	-1.3213	427	28	-4.293388018
32	E	-0.8192	500	160	-2.00650687
32	H	-0.2426	205	280	0.087152237
32	K	0	None	None	None
32	R	0.1995	1001	3224	1.32475909
33	*	-1.0914	341	48	-3.191316108
33	F	-1.6441	497	10	-5.997824627
33	W	-1.4159	851	40	-4.773737907
33	Y	-1.4575	173	7	-4.989923986
33	P	-1.9989	272	None	-8.087462841
33	M	-1.5074	178	6	-5.25342161
33	I	-1.7128	195	3	-6.385018493
33	L	-1.6664	542	10	-6.122871627
33	V	-1.3515	1050	62	-4.444627982
33	A	-1.645	798	16	-6.002895616
33	G	0	None	None	None
33	C	-1.3064	507	35	-4.2192096
33	S	-1.3169	901	60	-4.27114338
33	T	-2.0465	260	1	-8.385018493
33	N	-1.85	339	3	-7.182829643
33	Q	-2.0183	230	1	-8.208140731
33	D	-1.0512	438	70	-3.008154723
33	E	-1.5094	508	17	-5.263872526
33	H	-1.7817	110	None	-6.781359714
33	K	-1.372	91	5	-4.548517225
33	R	-1.2893	1161	85	-4.134412001
34	*	-1.5306	194	6	-5.377601022
34	F	-1.7604	101	None	-6.658211483
34	W	-1.5976	208	5	-5.741162303
34	Y	-1.33	110	7	-4.336655472
34	P	-1.6563	67	None	-6.06608919
34	M	-2.0474	261	1	-8.390556677
34	I	-1.1937	198	20	-3.670079205
34	L	-1.7495	376	5	-6.595311437
34	V	-1.7887	528	6	-6.822082299
34	A	-1.238	505	44	-3.883358639
34	G	-1.3438	1764	107	-4.405818539
34	C	-1.8202	200	2	-7.00650687
34	S	-1.5059	177	6	-5.24529373
34	T	-1.1785	113	12	-3.597867142
34	N	-0.0236	158	339	0.738710035
34	Q	-0.5566	223	145	-0.98364149
34	D	-1.5447	443	13	-5.453373851
34	E	-0.8956	390	100	-2.326124804
34	H	-0.6211	129	71	-1.224130816
34	K	0	None	None	None
34	R	-0.1192	772	1369	0.463799014
35	*	-0.6801	17	8	-1.450113521
35	F	-1.5334	42	None	-5.392317423
35	W	-1.0063	7	None	-2.807354922
35	Y	-1.1197	10	None	-3.321928095
35	P	-1.024	23	4	-2.886212636
35	M	-0.6295	39	21	-1.255735476
35	I	-0.8946	35	9	-2.322008696
35	L	-1.1647	9	1	-3.532575682
35	V	-0.3575	128	135	-0.285835083
35	A	-0.7397	45	18	-1.684578775
35	G	-1.1238	268	34	-3.341277029
35	C	NS	1	2	0.63734932
35	S	-0.388	113	111	-0.388413776
35	T	0.2225	46	154	1.380573904
35	N	-1.0867	7	1	-3.170005602
35	Q	-0.1688	5	8	0.315421225
35	D	-0.6499	198	101	-1.333795817
35	E	0	None	None	None
35	H	NS	None	None	None
35	K	-0.1576	105	172	0.349368557
35	R	-0.454	143	120	-0.615631421
36	*	-1.3122	19	None	-4.247927513
36	F	-1.2024	214	21	-3.711800244
36	W	-1.8545	148	None	-7.209453366
36	Y	-0.9321	113	26	-2.482389924
36	P	-1.9068	184	None	-7.523561956
36	M	-1.5397	43	None	-5.426264755
36	I	-0.5896	77	46	-1.105875265
36	L	-1.4784	160	6	-5.099616274
36	V	0	None	None	None
36	A	-1.1427	310	37	-3.42932172
36	G	-1.7583	623	8	-6.645739033
36	C	-1.3047	144	10	-4.210647587
36	S	-1.8113	124	None	-6.95419631
36	T	-1.1758	12	None	-3.584962501
36	N	-1.6188	58	None	-5.857980995
36	Q	-1.5134	39	None	-5.285402219
36	D	-0.623	42	23	-1.231406147
36	E	-1.4701	207	8	-5.056137638
36	H	-0.9669	111	23	-2.63350459
36	K	-1.708	82	None	-6.357552005
36	R	-1.3667	268	15	-4.521849275
37	*	-1.6305	283	6	-5.922346422
37	F	-0.263	98	128	0.022639476
37	W	-0.542	83	56	-0.930335189
37	Y	-0.2136	22	32	0.177917701
37	P	-1.9067	143	1	-7.522522017
37	M	0	None	None	None
37	I	-0.0652	89	176	0.621047508
37	L	0.106	286	782	1.08850278
37	V	0.1514	166	492	1.204824394
37	A	0.1861	142	447	1.291733222
37	G	-0.9437	261	58	-2.532575682
37	C	-0.6967	160	72	-1.514653774
37	S	-0.3568	159	168	-0.283216213
37	T	0.6158	48	287	2.217293746
37	N	NS	1	1	-0.36265068
37	Q	0.3483	60	246	1.67297323
37	D	-0.0248	64	137	0.735381403
37	E	0.0333	51	122	0.895661315
37	H	NS	None	None	None
37	K	0.1209	141	396	1.127154588
37	R	0.0027	245	553	0.811847051
38	*	-1.4594	32	None	-5
38	F	-1.4361	183	8	-4.878350518
38	W	-1.2	13	None	-3.700439718
38	Y	-1.6748	112	2	-6.170005602
38	P	-1.8392	139	None	-7.118941073
38	M	-1.4897	139	5	-5.159663658
38	I	-0.2978	182	220	-0.089085607
38	L	-0.337	208	230	-0.217600347
38	V	0	None	None	None
38	A	-0.8073	148	49	-1.957394202
38	G	-1.2949	348	25	-4.161737986
38	C	-1.2205	303	28	-3.798469742
38	S	-1.8561	149	None	-7.21916852
38	T	NS	None	None	None
38	N	-1.5193	62	2	-5.316846991
38	Q	-1.6953	78	None	-6.285402219
38	D	-1.0482	124	20	-2.994918896
38	E	-1.765	80	1	-6.684578775
38	H	-1.4123	27	None	-4.754887502
38	K	-1.7259	88	None	-6.459431619
38	R	-1.523	220	7	-5.336655472
39	*	-1.5765	384	10	-5.625685086
39	F	-0.7727	400	146	-1.816682311
39	W	-1.1308	387	48	-3.373877936
39	Y	-1.2441	164	14	-3.912847763
39	P	-1.4224	196	9	-4.807435523
39	M	-0.4707	175	141	-0.67431044
39	I	-0.0819	206	394	0.572900612
39	L	0	None	None	None
39	V	0.0235	373	876	0.869104559
39	A	-0.5953	338	199	-1.126905496
39	G	-1.991	409	2	-8.038607713
39	C	-0.8303	229	71	-2.052107349
39	S	-0.901	523	132	-2.348923697
39	T	-1.5193	310	10	-5.316846991
39	N	-1.5902	52	None	-5.700439718
39	Q	-1.6873	294	5	-6.24039493
39	D	-1.6676	70	None	-6.129283017
39	E	-1.8011	119	None	-6.894817763
39	H	-1.5269	41	None	-5.357552005
39	K	-1.9928	265	None	-8.049848549
39	R	-2.0727	375	None	-8.550746785
40	*	-1.7554	99	None	-6.62935662
40	F	-1.8584	117	1	-7.2330154
40	W	-1.1826	105	11	-3.617464579
40	Y	-1.3986	40	2	-4.684578775
40	P	0.1211	21	59	1.127674946
40	M	-1.2798	17	None	-4.087462841
40	I	-1.5269	41	None	-5.357552005
40	L	-1.8793	164	None	-7.357552005
40	V	-1.1978	281	28	-3.689722078
40	A	-0.0866	247	468	0.559346808
40	G	0	None	None	None
40	C	-0.4568	132	110	-0.625685086
40	S	0.0156	249	576	0.847272389
40	T	-0.1052	97	177	0.505042028
40	N	-0.3226	35	40	-0.170005602
40	Q	-0.4582	59	49	-0.630583885
40	D	-0.1804	98	153	0.280027318
40	E	-0.3997	90	86	-0.428239022
40	H	-0.5032	39	29	-0.790071904
40	K	NS	None	13	None
40	R	-0.692	226	103	-1.496329115
41	*	-1.1748	521	56	-3.58043532
41	F	-1.6054	557	13	-5.783744479
41	W	-1.2539	448	37	-3.960552237
41	Y	-0.6392	303	159	-1.292941708
41	P	-1.4831	407	15	-5.124645069
41	M	-2.0526	267	1	-8.423346612
41	I	-1.1647	162	18	-3.532575682
41	L	-1.6049	1283	30	-5.78106554
41	V	-1.2444	1161	99	-3.914446317
41	A	-1.3336	557	35	-4.354901181
41	G	-1.3843	1654	87	-4.611450703
41	C	-1.8763	378	3	-7.339930604
41	S	-0.6888	807	371	-1.483800167
41	T	-0.7045	538	237	-1.545369794
41	N	-1.1747	93	10	-3.579881396
41	Q	-0.4416	96	83	-0.57257375
41	D	-0.8588	718	205	-2.171010614
41	E	0	None	None	None
41	H	-0.9761	268	54	-2.673852368
41	K	-1.0989	211	29	-3.225768874
41	R	-1.4535	755	31	-4.968787204
42	*	-1.3616	193	11	-4.495676099
42	F	-0.6061	283	162	-1.16745892
42	W	-2.0328	315	None	-8.299208018
42	Y	-1.6838	116	2	-6.220631675
42	P	-1.265	88	7	-4.014727377
42	M	-1.2307	56	5	-3.848077507
42	I	-0.1956	211	319	0.233662745
42	L	-0.7208	318	134	-1.609444445
42	V	0	None	None	None
42	A	-1.2795	634	48	-4.08602721
42	G	-1.4806	2043	76	-5.111196655
42	C	-2.0456	259	1	-8.379458968
42	S	-1.5618	545	15	-5.545872504
42	T	-1.9094	186	None	-7.539158811
42	N	-1.5518	45	None	-5.491853096
42	Q	-1.8656	155	None	-7.276124405
42	D	-1.2412	406	35	-3.89870358
42	E	-1.9714	188	1	-7.917239532
42	H	-1.0493	8	None	-3
42	K	NS	4	None	None
42	R	-2.0658	283	1	-8.507308923
43	*	-1.6806	401	7	-6.202754185
43	F	-0.1204	130	230	0.460471558
43	W	-0.144	219	369	0.390039266
43	Y	0.2999	35	133	1.563348738
43	P	-1.0493	8	None	-3
43	M	0.2515	76	267	1.450117738
43	I	-0.0167	103	224	0.758203715
43	L	-0.0805	244	468	0.576976702
43	V	-0.0105	199	438	0.775511759
43	A	-0.3236	221	252	-0.173273316
43	G	-0.6686	375	182	-1.405602825
43	C	-0.192	128	195	0.244679634
43	S	0.0448	340	831	0.92666305
43	T	0.2372	58	199	1.415992945
43	N	0	None	None	None
43	Q	-0.1833	58	90	0.271221421
43	D	-0.0595	41	82	0.63734932
43	E	-0.4799	179	141	-0.706915105
43	H	-0.2615	58	76	0.027295838
43	K	-0.2416	122	167	0.090316275
43	R	-0.1941	393	596	0.238132338
44	*	-1.4364	458	20	-4.879926373
44	F	-0.0164	415	903	0.758963971
44	W	-0.4489	578	491	-0.597997148
44	Y	-0.1407	277	470	0.4001241
44	P	-2.0328	315	None	-8.299208018
44	M	-0.4715	301	242	-0.67740712
44	I	0	None	None	None
44	L	-0.8083	839	277	-1.961435515
44	V	0.0785	800	2081	1.01655438
44	A	-1.017	377	67	-2.854982203
44	G	-1.3091	1564	107	-4.232208491
44	C	-0.8304	584	181	-2.052629352
44	S	-1.4179	750	35	-4.784114449
44	T	-0.8333	218	67	-2.064745814
44	N	-1.1393	174	21	-3.413276753
44	Q	-1.8321	135	None	-7.076815597
44	D	-1.7401	507	7	-6.541137695
44	E	-2.0665	365	None	-8.511752654
44	H	-1.6268	93	2	-5.901809491
44	K	-2.0169	294	None	-8.199672345
44	R	-1.4086	1119	54	-4.735757499
45	*	-1.5938	287	7	-5.720202685
45	F	-1.049	87	14	-2.998239254
45	W	-1.4965	228	8	-5.195540694
45	Y	-0.9984	85	16	-2.772041616
45	P	-1.7398	93	None	-6.539158811
45	M	-0.8113	110	36	-1.974085392
45	I	-0.9612	185	39	-2.608629922
45	L	-1.2718	283	22	-4.047877304
45	V	-2.0678	367	None	-8.519636253
45	A	-0.4222	457	414	-0.505214078
45	G	0.2937	510	1919	1.549134879
45	C	-1.4622	352	14	-5.014727377
45	S	-0.3261	486	551	-0.181554675
45	T	-1.6421	296	6	-5.987141545
45	N	0	None	None	None
45	Q	-0.8231	158	50	-2.022575239
45	D	0.0272	137	324	0.87916724
45	E	-0.3727	277	282	-0.336841494
45	H	-0.5611	98	63	-1.000080601
45	K	-0.7543	177	68	-1.742793389
45	R	-1.467	614	24	-5.039783025
46	*	-1.421	130	6	-4.800055992
46	F	-1.6094	87	2	-5.805594176
46	W	-1.4322	29	None	-4.857980995
46	Y	-0.6777	38	18	-1.440653192
46	P	-1.4017	26	None	-4.700439718
46	M	-1.7451	95	None	-6.569855608
46	I	-0.9945	126	24	-2.754968103
46	L	-1.9585	178	1	-7.838384111
46	V	-1.6001	210	5	-5.754968103
46	A	-0.9945	126	24	-2.754968103
46	G	0.3526	322	1329	1.682557831
46	C	-1.9701	187	1	-7.90954514
46	S	-0.068	89	175	0.612827001
46	T	-1.3332	143	9	-4.352597016
46	N	0	None	None	None
46	Q	-0.918	75	18	-2.421544369
46	D	-0.4086	218	204	-0.458409663
46	E	-0.5361	73	50	-0.908619049
46	H	-0.8787	193	52	-2.254667999
46	K	-0.8196	122	39	-2.007985799
46	R	-1.1551	157	18	-3.487346428
47	*	-0.9695	107	22	-2.644686048
47	F	-1.4594	32	None	-5
47	W	NS	3	None	None
47	Y	NS	None	2	None
47	P	-0.2451	53	72	0.079353867
47	M	0.1801	26	81	1.276759605
47	I	-0.2456	14	19	0.077921911
47	L	-0.3152	111	129	-0.145839291
47	V	-0.1485	127	212	0.376585088
47	A	-0.0044	97	216	0.79232398
47	G	-1.4066	391	19	-4.725747964
47	C	-0.4794	71	56	-0.705042878
47	S	0	None	None	None
47	T	0.0507	87	215	0.942598674
47	N	-0.9264	47	11	-2.457807913
47	Q	NS	3	65	3.835501268
47	D	NS	4	28	2.444704242
47	E	0.9613	34	299	2.773888153
47	H	0.392	34	149	1.769054999
47	K	-0.1993	48	72	0.222311821
47	R	0.1267	80	227	1.141969712
48	*	-1.3766	148	8	-4.572104046
48	F	-1.0186	147	26	-2.861883307
48	W	-0.2204	150	215	0.156723479
48	Y	-0.5879	5	3	-1.099616274
48	P	-0.8212	44	14	-2.014727377
48	M	-0.1342	107	184	0.41944429
48	I	-0.324	158	180	-0.174578332
48	L	-0.5874	238	143	-1.097597107
48	V	0	None	None	None
48	A	-0.263	134	175	0.022471241
48	G	-1.2915	922	67	-4.14518443
48	C	-0.6854	194	90	-1.470710426
48	S	0.0158	512	1185	0.848020664
48	T	0.5432	23	125	2.079571648
48	N	-0.1465	34	57	0.382776493
48	Q	-0.4367	24	21	-0.555295758
48	D	-1.2054	247	24	-3.726055411
48	E	-1.4301	291	13	-4.847086305
48	H	-0.2913	53	65	-0.068203322
48	K	0.108	90	247	1.093863455
48	R	-0.2111	467	683	0.185812348
49	*	NS	None	None	None
49	F	0	None	None	None
49	W	-0.5131	51	37	-0.825622657
49	Y	0.2079	15	49	1.345168568
49	P	-1.4991	37	None	-5.209453366
49	M	-0.2114	13	19	0.184837115
49	I	-0.8417	30	9	-2.099616274
49	L	-0.4544	68	57	-0.617223507
49	V	-1.0526	44	7	-3.014727377
49	A	-1.6639	69	None	-6.108524457
49	G	-1.841	140	None	-7.129283017
49	C	-1.0377	24	4	-2.947613181
49	S	-0.5938	110	65	-1.121642581
49	T	-1.5458	44	None	-5.459431619
49	N	NS	None	None	None
49	Q	-1.0867	9	None	-3.169925001
49	D	-1.4679	33	None	-5.044394119
49	E	NS	None	20	None
49	H	-0.4236	72	65	-0.510207869
49	K	-0.8746	22	6	-2.237119798
49	R	-1.8921	173	None	-7.434628228
50	*	-1.4488	958	40	-4.944604431
50	F	-1.6946	363	6	-6.281513917
50	W	-2.0585	274	1	-8.460682763
50	Y	-1.3087	219	15	-4.230547144
50	P	-1.9697	240	None	-7.906890596
50	M	-2.0894	314	1	-8.657271429
50	I	-1.1922	266	27	-3.663045614
50	L	-1.4799	724	27	-5.107609065
50	V	-1.7336	988	14	-6.50366299
50	A	-1.3352	608	38	-4.36265068
50	G	-1.6328	1142	24	-5.935035115
50	C	-1.2539	448	37	-3.960552237
50	S	-1.1872	504	52	-3.639490886
50	T	-0.7854	423	149	-1.867996013
50	N	-0.5859	257	155	-1.092150824
50	Q	-0.6907	422	193	-1.491292832
50	D	-1.7997	184	2	-6.886212636
50	E	-0.9595	420	89	-2.601162767
50	H	0.3203	120	471	1.610041974
50	K	0	None	None	None
50	R	0.0089	1365	3118	0.829069297
51	*	-0.8515	120	35	-2.140258259
51	F	-1.8725	124	1	-7.316846991
51	W	-1.7287	89	None	-6.475733431
51	Y	-1.5012	29	1	-5.220631675
51	P	-1.8456	222	2	-7.157066547
51	M	-1.5458	44	None	-5.459431619
51	I	-1.5938	82	2	-5.720202685
51	L	-1.1057	409	55	-3.257248
51	V	-1.6545	207	4	-6.056137638
51	A	-1.3447	215	13	-4.410403812
51	G	-1.8434	220	2	-7.144010394
51	C	-1.7817	110	None	-6.781359714
51	S	-1.4697	155	6	-5.053812585
51	T	-1.8478	112	1	-7.170005602
51	N	-1.4315	45	2	-4.854503776
51	Q	0	None	None	None
51	D	-1.9349	161	1	-7.693567558
51	E	-1.2386	138	12	-3.886212636
51	H	-0.7397	130	52	-1.684578775
51	K	-0.7884	63	22	-1.880498985
51	R	-0.7905	409	142	-1.888860594
52	*	-0.8249	54	17	-2.030075341
52	F	-0.5611	182	117	-1.000080601
52	W	-0.0716	42	82	0.602583902
52	Y	0	None	None	None
52	P	-1.6886	76	None	-6.247927513
52	M	-0.6667	82	40	-1.39827459
52	I	-1.6123	44	1	-5.822082299
52	L	-1.5534	176	5	-5.500154204
52	V	-1.9416	213	None	-7.73470962
52	A	-1.2429	105	9	-3.906971196
52	G	-1.9182	193	None	-7.592457037
52	C	-0.5935	93	55	-1.120449778
52	S	-1.7505	151	2	-6.601055419
52	T	-1.569	48	None	-5.584962501
52	N	-0.9274	30	7	-2.462186354
52	Q	-1.5577	46	None	-5.523561956
52	D	0.0201	6	14	0.859741741
52	E	-1.4761	34	None	-5.087462841
52	H	-0.5943	61	36	-1.123463016
52	K	-1.6123	44	1	-5.822082299
52	R	-1.5952	53	None	-5.727920455
53	*	-1.5716	490	13	-5.598848901
53	F	0	None	None	None
53	W	-1.2833	388	29	-4.104582527
53	Y	-0.7493	77	30	-1.722546625
53	P	-1.7242	136	2	-6.450113521
53	M	-1.5846	198	5	-5.670079205
53	I	-1.0667	92	14	-3.078857714
53	L	-1.007	480	88	-2.810109657
53	V	-1.5876	841	21	-5.686295248
53	A	-1.7749	333	4	-6.742029047
53	G	-1.8979	827	6	-7.469431699
53	C	-1.5783	464	12	-5.635669175
53	S	-1.2336	475	42	-3.862116961
53	T	-1.3405	163	10	-4.38945074
53	N	-0.8329	26	8	-2.063090398
53	Q	-1.262	16	None	-4
53	D	-2.0105	286	None	-8.159871337
53	E	-1.7288	277	4	-6.476392846
53	H	-1.8132	125	None	-6.965784285
53	K	-1.7351	71	1	-6.5123978
53	R	-1.4924	365	13	-5.173963616
54	*	-1.2567	110	9	-3.974085392
54	F	0	None	None	None
54	W	-0.3323	51	57	-0.202186008
54	Y	0.2947	108	407	1.551346802
54	P	-1.5064	38	None	-5.247927513
54	M	-0.4172	36	33	-0.488181562
54	I	-1.0899	99	14	-3.184652378
54	L	-0.2522	400	535	0.056888211
54	V	-1.5667	296	8	-5.572104046
54	A	-1.686	117	2	-6.2330154
54	G	-1.8528	147	None	-7.199672345
54	C	-1.3144	268	18	-4.258814869
54	S	-0.8703	210	58	-2.218915203
54	T	-0.8417	50	15	-2.099616274
54	N	-1.4416	30	None	-4.906890596
54	Q	NS	None	None	None
54	D	-1.9068	184	None	-7.523561956
54	E	-1.5202	40	None	-5.321928095
54	H	-1.2573	98	8	-3.977360524
54	K	-1.632	61	None	-5.930737338
54	R	-1.4029	264	13	-4.706605081
55	*	-0.485	36	28	-0.72522076
55	F	-1.7171	85	None	-6.409390936
55	W	-1.4336	68	3	-4.865151021
55	Y	-1.6049	55	None	-5.781359714
55	P	-1.4123	27	None	-4.754887502
55	M	NS	1	None	None
55	I	-1.1491	11	None	-3.459431619
55	L	-2.0183	230	1	-8.208140731
55	V	-0.9757	114	23	-2.671978738
55	A	-1.2033	92	9	-3.716287635
55	G	-0.455	178	149	-0.619215591
55	C	-1.2223	14	None	-3.807354922
55	S	-1.7287	89	None	-6.475733431
55	T	-1.6033	85	2	-5.772041616
55	N	-1.0063	7	None	-2.807354922
55	Q	-0.3393	10	11	-0.225147156
55	D	-0.5567	40	26	-0.984139057
55	E	0	None	None	None
55	H	NS	2	1	-1.36265068
55	K	-0.5379	44	30	-0.915191703
55	R	-1.2005	81	8	-3.702500683
56	*	-1.4507	31	None	-4.95419631
56	F	-1.4123	27	None	-4.754887502
56	W	-1.632	61	None	-5.930737338
56	Y	-1.1491	11	None	-3.459431619
56	P	-1.0403	127	21	-2.959017944
56	M	-1.6362	62	None	-5.95419631
56	I	0.0201	15	35	0.859741741
56	L	-1.9207	195	None	-7.607330314
56	V	-1.0513	169	27	-3.008642614
56	A	-0.9314	347	80	-2.479514438
56	G	-2.1165	354	1	-8.83025623
56	C	-1.262	16	None	-4
56	S	-0.877	144	39	-2.247173463
56	T	0	None	None	None
56	N	-1.1284	8	1	-3.36265068
56	Q	-1.8434	110	1	-7.144010394
56	D	-1.6233	59	None	-5.882643049
56	E	-1.4494	24	1	-4.947613181
56	H	-1.7817	110	None	-6.781359714
56	K	-0.8208	113	36	-2.012904641
56	R	-1.1768	309	33	-3.589719589
57	*	-0.4944	25	19	-0.758579356
57	F	-1.3766	37	2	-4.572104046
57	W	-1.4986	201	7	-5.206347449
57	Y	-1.6994	185	3	-6.30906964
57	P	-0.8586	7	2	-2.170005602
57	M	-1.5334	42	None	-5.392317423
57	I	NS	4	8	0.63734932
57	L	-1.9612	180	1	-7.854503776
57	V	-1.0377	54	9	-2.947613181
57	A	-1.0159	157	28	-2.849916507
57	G	-1.8574	233	2	-7.226836825
57	C	-1.2	13	None	-3.700439718
57	S	-0.4884	105	81	-0.737046195
57	T	-0.3459	48	52	-0.247173463
57	N	-0.91	118	29	-2.387312734
57	Q	-0.7053	91	40	-1.548517225
57	D	-1.632	61	None	-5.930737338
57	E	-0.257	34	45	0.041739575
57	H	NS	None	5	None
57	K	0	None	None	None
57	R	-0.0504	387	788	0.663211383
58	*	0.1957	10	32	1.315421225
58	F	-1.0729	67	10	-3.106811776
58	W	-0.6246	11	6	-1.237119798
58	Y	-0.0073	14	31	0.784190708
58	P	-1.4507	31	None	-4.95419631
58	M	-1.4224	28	None	-4.807354922
58	I	NS	None	None	None
58	L	-1.7259	88	None	-6.459431619
58	V	-1.6362	62	None	-5.95419631
58	A	-1.2223	14	None	-3.807354922
58	G	-0.8934	31	8	-2.316846991
58	C	0	None	None	None
58	S	0.2113	7	23	1.353556354
58	T	NS	1	None	None
58	N	NS	None	None	None
58	Q	NS	2	None	None
58	D	-1.6362	62	None	-5.95419631
58	E	-1.4507	31	None	-4.95419631
58	H	-0.9558	6	None	-2.584962501
58	K	NS	None	None	None
58	R	-0.7678	100	37	-1.797053504
59	*	-0.8329	65	20	-2.063090398
59	F	-1.0752	27	4	-3.117538182
59	W	-1.8101	96	1	-6.947613181
59	Y	NS	None	None	None
59	P	0.1549	56	167	1.21369869
59	M	-0.4505	26	22	-0.60365878
59	I	-0.1607	51	83	0.339963409
59	L	-0.1639	133	215	0.330259734
59	V	-0.222	70	100	0.151922493
59	A	0.6098	15	89	2.206192155
59	G	-0.4801	141	111	-0.707786166
59	C	NS	None	None	None
59	S	-0.2854	169	210	-0.049284599
59	T	NS	4	8	0.63734932
59	N	NS	None	None	None
59	Q	-0.3183	26	30	-0.156199803
59	D	-1.3907	25	None	-4.64385619
59	E	-0.9863	128	25	-2.71879449
59	H	NS	1	2	0.63734932
59	K	0.1872	13	41	1.294461606
59	R	0	None	None	None
60	*	-0.8586	7	2	-2.170005602
60	F	-0.0881	18	34	0.55488716
60	W	NS	None	None	None
60	Y	-0.1774	7	11	0.289426016
60	P	-0.3804	6	6	-0.36265068
60	M	NS	4	23	2.160911276
60	I	-0.0595	12	24	0.63734932
60	L	-0.3235	121	138	-0.172989461
60	V	0.1256	137	388	1.139230079
60	A	-0.2636	253	330	0.020677959
60	G	-0.7211	228	96	-1.610578194
60	C	-0.8164	62	20	-1.994918896
60	S	-0.0136	48	105	0.766632337
60	T	0.7945	5	37	2.524874591
60	N	0.535	8	43	2.063614075
60	Q	0.4284	8	37	1.846802685
60	D	0	None	None	None
60	E	-0.0065	101	224	0.786492759
60	H	NS	2	2	-0.36265068
60	K	NS	None	22	None
60	R	-0.8746	11	3	-2.237119798
61	*	NS	None	None	None
61	F	-1.0723	42	2	-3.567243765
61	W	-0.5799	29	6	-1.447944836
61	Y	NS	1	17	3.835501268
61	P	0	None	None	None
61	M	-0.6421	63	11	-1.692774647
61	I	NS	2	10	3.147001753
61	L	-0.1296	81	50	0.129079845
61	V	-0.4835	75	20	-1.081816937
61	A	-0.5706	66	14	-1.411965539
61	G	-0.447	41	12	-0.947515846
61	C	-0.4484	24	7	-0.95253392
61	S	0.0165	80	67	0.569234754
61	T	0.5912	9	20	1.977076752
61	N	NS	None	None	None
61	Q	-0.1096	45	29	0.191201557
61	D	NS	None	None	None
61	E	NS	None	None	None
61	H	-0.9497	8	None	-3
61	K	NS	1	3	2.410036159
61	R	0.1751	59	67	1.008519799
62	*	-1.6481	96	None	-6.584962501
62	F	-0.6402	188	33	-1.685121074
62	W	-0.4602	106	30	-0.995956201
62	Y	0.1129	91	92	0.840840974
62	P	0.0167	111	93	0.569816603
62	M	-0.1155	55	35	0.172996962
62	I	0.5919	49	109	1.978548139
62	L	-0.0072	243	194	0.500173997
62	V	0.0723	185	173	0.728320425
62	A	-0.129	453	280	0.130989435
62	G	-0.2848	529	230	-0.376560203
62	C	-0.0044	137	110	0.508401289
62	S	0.1474	317	342	0.934587143
62	T	0	None	None	None
62	N	0.0478	138	123	0.659063707
62	Q	0.1521	34	37	0.947064183
62	D	-0.1056	100	65	0.203585282
62	E	-0.35	137	51	-0.600533083
62	H	-0.0167	106	83	0.472192635
62	K	0.3254	90	133	1.388502997
62	R	-0.0837	301	205	0.270934081
63	*	-0.6162	64	12	-1.589963841
63	F	0.9084	10	33	2.547539683
63	W	-0.5027	67	17	-1.153552691
63	Y	-0.0477	113	83	0.379934127
63	P	0	None	None	None
63	M	0.0516	49	44	0.669795433
63	I	0.399	21	35	1.562039252
63	L	-0.0982	318	210	0.226436221
63	V	0.1032	133	132	0.814185342
63	A	0.1326	81	85	0.894614592
63	G	-0.0977	180	119	0.228038325
63	C	0.5343	41	84	1.859839076
63	S	0.1331	139	146	0.895957144
63	T	-0.2345	219	107	-0.208246415
63	N	-0.7601	128	16	-2.174926342
63	Q	-0.1838	115	63	-0.043136469
63	D	0.1343	19	20	0.89907424
63	E	0.0193	95	80	0.577146145
63	H	0.9905	5	18	2.673070565
63	K	-0.0113	72	57	0.488038671
63	R	0.0859	175	168	0.766179969
64	*	-0.9457	42	3	-2.982281264
64	F	-0.1667	311	177	0.011908438
64	W	-0.178	191	106	-0.024434715
64	Y	0.0754	118	111	0.736846475
64	P	0.1484	99	107	0.937184025
64	M	0.1072	109	109	0.825073658
64	I	0.033	119	103	0.616756422
64	L	0.2025	243	290	1.080170245
64	V	0	None	None	None
64	A	0.3174	203	296	1.369191107
64	G	-0.081	762	522	0.279332467
64	C	-0.2489	311	147	-0.256024767
64	S	0.0582	332	302	0.688438966
64	T	-0.0841	169	115	0.269684273
64	N	0.6917	55	140	2.172996962
64	Q	-0.0807	89	61	0.280077565
64	D	0.1819	167	192	1.026331867
64	E	-0.1351	182	111	0.111694884
64	H	-0.3155	136	55	-0.481029469
64	K	0.0766	35	33	0.740184761
64	R	0.0053	541	443	0.536751763
65	*	-1.4394	76	1	-5.422853855
65	F	-0.4835	120	32	-1.081816937
65	W	-0.2508	102	48	-0.262389183
65	Y	-0.0032	123	99	0.511915773
65	P	-0.0938	60	40	0.240111158
65	M	-0.0754	88	61	0.296379377
65	I	0.404	25	42	1.573534891
65	L	-0.1874	322	175	-0.054632108
65	V	-0.0288	961	734	0.43631729
65	A	0.1095	226	227	0.831443183
65	G	-0.0425	738	548	0.395628735
65	C	-0.1704	163	92	-9.25E-05
65	S	-0.0515	317	231	0.36848367
65	T	0.4101	79	134	1.587382101
65	N	0.4347	76	134	1.643235335
65	Q	0.0074	45	37	0.542673928
65	D	0	None	None	None
65	E	-0.138	264	160	0.102607634
65	H	-0.0955	140	93	0.234949452
65	K	0.2681	47	63	1.24776473
65	R	-0.0964	457	303	0.232197287
66	*	-1.0923	314	14	-3.662192169
66	F	-0.6116	237	45	-1.571816494
66	W	-1.325	150	3	-4.818782531
66	Y	-0.3116	147	60	-0.467708091
66	P	0.0078	175	144	0.543787548
66	M	-0.2602	215	99	-0.293762571
66	I	-0.8638	272	25	-2.618532993
66	L	-0.7866	389	45	-2.28669959
66	V	-0.2666	518	235	-0.315217683
66	A	-0.0459	434	320	0.385450521
66	G	0.1623	422	468	0.974339189
66	C	-0.2848	184	80	-0.376560203
66	S	0	None	None	None
66	T	-0.0167	258	202	0.472057886
66	N	0.46	54	99	1.699542776
66	Q	0.3476	75	115	1.441745019
66	D	-0.0282	136	104	0.438050535
66	E	-0.4284	427	131	-0.8795956
66	H	0.2223	131	162	1.13150066
66	K	0.0764	87	82	0.739682167
66	R	-0.1652	627	358	0.016567803
67	*	-1.7218	229	1	-7.01413013
67	F	-1.2154	34	1	-4.262389183
67	W	-1.2266	106	3	-4.317884296
67	Y	-1.06	121	6	-3.508827078
67	P	-0.3981	136	45	-0.770536087
67	M	-1.1978	128	4	-4.174926342
67	I	-1.0494	11	None	-3.459431619
67	L	-1.2004	226	7	-4.187750382
67	V	-0.8991	206	17	-2.773964028
67	A	0.0056	332	272	0.537497068
67	G	0	None	None	None
67	C	-0.3753	260	91	-0.689499515
67	S	-0.6177	241	45	-1.595962582
67	T	-0.8959	48	4	-2.759888842
67	N	-0.3469	56	21	-0.589963841
67	Q	-0.3029	36	15	-0.437960748
67	D	-0.4541	160	46	-0.973292481
67	E	-1.6865	112	None	-6.807354922
67	H	-0.2562	71	33	-0.280279342
67	K	-0.3234	63	25	-0.508350075
67	R	-0.7402	506	67	-2.091830726
68	*	-1.1383	758	29	-3.882999385
68	F	-1.4312	811	11	-5.379052827
68	W	-1.3148	868	18	-4.766552573
68	Y	-1.0836	523	24	-3.620630977
68	P	-0.2478	652	309	-0.252191468
68	M	-1.1508	518	19	-3.943807116
68	I	-0.8096	518	56	-2.384379707
68	L	-1.3112	1523	32	-4.747626568
68	V	-0.8399	1367	135	-2.514908272
68	A	-1.2296	1250	35	-4.333355704
68	G	-1.5569	2020	17	-6.067603078
68	C	0	None	None	None
68	S	-1.2743	1837	44	-4.558630634
68	T	-1.4576	651	8	-5.521440075
68	N	-1.2917	222	5	-4.647414113
68	Q	-1.5003	478	5	-5.753865055
68	D	-1.665	546	3	-6.682720982
68	E	-1.1519	602	22	-3.9491144
68	H	-1.258	276	7	-4.476095876
68	K	-1.9669	365	None	-8.511752654
68	R	-1.3052	2190	47	-4.717052645
69	*	-1.3204	1033	21	-4.795233458
69	F	-0.9061	520	42	-2.804976732
69	W	-1.1415	872	33	-3.898716547
69	Y	-0.2638	254	116	-0.305630033
69	P	-0.8381	725	72	-2.506838525
69	M	-0.1937	502	269	-0.075007533
69	I	0.0627	292	268	0.70133829
69	L	-0.3819	1417	488	-0.712813047
69	V	0.0514	1163	1044	0.669344273
69	A	0.2361	763	967	1.166906491
69	G	-0.467	1880	523	-1.020776152
69	C	-0.0193	588	458	0.464605102
69	S	-0.0015	1575	1272	0.5168205
69	T	0.1399	627	667	0.914294977
69	N	-0.3596	418	152	-0.63435796
69	Q	-0.0324	401	304	0.425542745
69	D	-1.1155	218	9	-3.773185665
69	E	-0.4298	314	96	-0.88458459
69	H	0.0259	225	192	0.596254968
69	K	0.1165	444	452	0.850836754
69	R	0	None	None	None
70	*	-1.1656	344	12	-4.016228596
70	F	-1.3835	371	6	-5.125239218
70	W	-1.2712	537	13	-4.543264902
70	Y	-1.2238	175	5	-4.304209359
70	P	-0.2896	214	92	-0.392831372
70	M	-0.3832	134	46	-0.717453576
70	I	-0.6756	220	35	-1.827003038
70	L	-0.8331	615	62	-2.485172632
70	V	-0.2561	968	450	-0.280008388
70	A	-0.1274	703	436	0.135877104
70	G	0	None	None	None
70	C	-0.5483	311	70	-1.326414095
70	S	-0.3021	666	278	-0.435363636
70	T	-1.0975	502	22	-3.687038277
70	N	0.3464	132	202	1.438891022
70	Q	-0.7558	79	10	-2.156778995
70	D	-1.1073	330	14	-3.733893634
70	E	-0.9268	264	20	-2.897392366
70	H	-0.2809	98	43	-0.363371431
70	K	-1.187	185	6	-4.121345302
70	R	-1.2834	733	17	-4.605132889
71	*	-1.5626	243	2	-6.099738845
71	F	-0.2378	165	80	-0.219320461
71	W	-0.7536	212	27	-2.147959294
71	Y	0.222	89	110	1.130699941
71	P	-1.6744	189	1	-6.737168766
71	M	0.1676	175	196	0.988572391
71	I	0	None	None	None
71	L	-0.2083	430	223	-0.122219291
71	V	0.1319	521	546	0.892691237
71	A	-0.0943	479	319	0.238604426
71	G	-1.071	711	34	-3.56116925
71	C	-1.0771	192	9	-3.589963841
71	S	-0.3692	456	162	-0.667966353
71	T	0.1895	169	197	1.046246041
71	N	-0.6252	82	15	-1.625587751
71	Q	-0.6859	110	17	-1.868823214
71	D	-1.6181	151	1	-6.413331081
71	E	-1.9141	290	None	-8.17990909
71	H	-0.3071	80	33	-0.452460317
71	K	-1.4692	170	2	-5.584317278
71	R	-1.1857	798	26	-4.11473156
72	*	-1.2383	184	5	-4.376560203
72	F	-0.6918	125	19	-1.892783113
72	W	-0.7148	295	42	-1.987180063
72	Y	-0.5005	145	37	-1.145382066
72	P	-0.9934	179	11	-3.1993105
72	M	-1.0034	168	10	-3.24531567
72	I	-1.5679	70	None	-6.129283017
72	L	-1.073	442	21	-3.570511478
72	V	-0.9901	483	30	-3.183915125
72	A	-0.1081	283	183	0.196115254
72	G	-0.6481	891	153	-1.716820121
72	C	-1.7691	157	None	-7.294620749
72	S	-0.5001	368	94	-1.143899446
72	T	-0.9514	228	16	-3.007816356
72	N	-0.1698	161	91	0.00195142
72	Q	-0.8807	126	11	-2.692774647
72	D	0	None	None	None
72	E	-0.2793	252	111	-0.357790399
72	H	0.6096	25	57	2.014107483
72	K	-0.6383	102	18	-1.677426682
72	R	-0.8574	555	52	-2.590830585
73	*	-0.8619	357	33	-2.610312486
73	F	-0.4156	221	70	-0.833545884
73	W	-0.3839	178	61	-0.719922435
73	Y	-0.0573	75	54	0.35114247
73	P	0.2839	159	219	1.286977763
73	M	-0.1522	97	57	0.05805083
73	I	-0.2886	181	78	-0.38937001
73	L	-0.2283	452	224	-0.187750382
73	V	0.2259	184	229	1.14071549
73	A	-0.0488	393	288	0.376613157
73	G	0.0991	394	388	0.802934681
73	C	-1.2431	262	7	-4.400994421
73	S	0	None	None	None
73	T	-0.1184	234	148	0.164162304
73	N	-0.0642	124	88	0.330308967
73	Q	0.1665	136	152	0.98553833
73	D	-0.2402	197	95	-0.227122553
73	E	0.1521	204	222	0.947064183
73	H	0.3229	70	103	1.382291169
73	K	0.287	104	144	1.294558942
73	R	0.0477	505	450	0.658715272
74	*	-0.9484	367	26	-2.994122876
74	F	-0.085	53	36	0.267078205
74	W	-1.1046	327	14	-3.720718245
74	Y	-0.6487	105	18	-1.719246858
74	P	-0.3242	202	80	-0.51120973
74	M	-0.3373	185	71	-0.556560683
74	I	-0.2387	31	15	-0.222232056
74	L	-0.5148	598	147	-1.199255671
74	V	-0.4218	327	102	-0.855647825
74	A	-0.0557	299	216	0.355959486
74	G	-0.1285	640	396	0.132502183
74	C	-1.2085	166	5	-4.228037678
74	S	-0.0135	236	186	0.48158942
74	T	0.7514	67	184	2.282546424
74	N	-0.1532	278	163	0.05486074
74	Q	0.1281	148	154	0.882406833
74	D	-0.1426	150	90	0.088108064
74	E	-0.1241	325	203	0.146113668
74	H	0.0594	34	31	0.691807127
74	K	0	None	None	None
74	R	0.1211	520	534	0.863401777
75	*	-1.1818	212	7	-4.095491874
75	F	-0.2544	105	49	-0.274462015
75	W	-0.2387	124	60	-0.222232057
75	Y	0.1249	117	121	0.873572176
75	P	-1.099	321	14	-3.694000907
75	M	-0.1657	135	77	0.015044602
75	I	0.496	47	91	1.778279447
75	L	0.067	429	397	0.713235018
75	V	0.0115	240	199	0.554807683
75	A	0.1041	171	170	0.81661208
75	G	0.1293	374	390	0.885509512
75	C	-0.5924	150	30	-1.496854437
75	S	0.0155	402	336	0.56633939
75	T	0.2032	159	190	1.082046311
75	N	0.2121	98	119	1.105181577
75	Q	-0.2402	253	122	-0.227182579
75	D	0.2568	105	138	1.219352597
75	E	0.1119	111	112	0.838012714
75	H	0	None	None	None
75	K	0.0355	123	107	0.624026139
75	R	-0.0582	455	327	0.348497749
76	*	-0.8207	478	50	-2.43193696
76	F	0.0658	261	241	0.710056998
76	W	0	None	None	None
76	Y	0.4734	70	131	1.729213643
76	P	-0.3111	208	85	-0.465975124
76	M	0.5777	72	157	1.949769406
76	I	-0.7623	153	19	-2.184386671
76	L	-0.2668	538	244	-0.315651367
76	V	-0.9254	565	43	-2.890768644
76	A	-0.2321	515	253	-0.200361389
76	G	0.1366	872	922	0.905512274
76	C	-0.6635	237	39	-1.778267372
76	S	-0.1985	664	352	-0.090534154
76	T	-0.2404	278	134	-0.227778224
76	N	-0.115	135	86	0.174522816
76	Q	0.0515	88	79	0.669422788
76	D	0.0968	51	50	0.796504506
76	E	0.1105	157	158	0.834233658
76	H	0.2792	71	97	1.275239381
76	K	-0.086	149	101	0.264116621
76	R	-0.2508	612	288	-0.262389183
77	*	-1.1956	127	4	-4.163611028
77	F	-0.6875	130	20	-1.87536606
77	W	-1.6295	158	1	-6.47870709
77	Y	-0.6311	100	18	-1.64885753
77	P	-0.4867	121	32	-1.093789579
77	M	-0.5786	236	49	-1.442859547
77	I	-0.7073	165	24	-1.956286055
77	L	-0.5486	289	65	-1.327484211
77	V	-0.8867	280	24	-2.719246858
77	A	0.1867	169	196	1.038904066
77	G	0.2732	389	526	1.260366303
77	C	-1.4784	88	1	-5.63435796
77	S	-0.1897	442	239	-0.061962093
77	T	-0.0832	132	90	0.272532635
77	N	0	None	None	None
77	Q	0.1072	51	51	0.825073658
77	D	0.0069	168	138	0.541280692
77	E	-0.0928	229	153	0.243257713
77	H	-0.4244	142	44	-0.865241843
77	K	0.0895	120	116	0.776164058
77	R	-0.0445	426	315	0.389572056
78	*	-1.0984	389	17	-3.691089845
78	F	-1.2656	324	8	-4.514776345
78	W	-1.5125	601	6	-5.821185022
78	Y	-1.3476	217	4	-4.936477574
78	P	-0.8959	228	19	-2.759888842
78	M	-1.758	150	None	-7.228818691
78	I	-1.8258	199	None	-7.636624621
78	L	-1.8545	796	2	-7.811550962
78	V	-1.5498	925	8	-6.028235897
78	A	-0.3929	937	314	-0.75221083
78	G	-0.7177	2252	318	-1.999034499
78	C	-1.3612	570	10	-5.007816356
78	S	0	None	None	None
78	T	-0.6615	272	45	-1.770536087
78	N	-0.1581	100	58	0.039198464
78	Q	-0.4995	86	22	-1.141759478
78	D	-1.3087	283	6	-4.734622084
78	E	-1.3734	417	7	-5.071474993
78	H	0.128	99	103	0.882217565
78	K	-1.4411	153	2	-5.432314184
78	R	-1.1968	829	26	-4.169714915
79	*	-1.0888	399	18	-3.645246277
79	F	-0.0225	137	106	0.45496203
79	W	-0.2179	136	69	-0.153864726
79	Y	0	None	None	None
79	P	-1.6263	156	1	-6.460328561
79	M	-0.1441	102	61	0.083385654
79	I	-0.3823	218	75	-0.714291976
79	L	0.3791	311	502	1.515846442
79	V	-0.1333	307	188	0.117567665
79	A	0.1409	289	308	0.916934516
79	G	0.1434	593	635	0.923798145
79	C	0.5119	114	226	1.812362607
79	S	0.246	373	481	1.191934922
79	T	0.2122	233	283	1.105545756
79	N	-0.0093	156	124	0.49386775
79	Q	0.712	31	81	2.210727351
79	D	0.3914	99	163	1.544445192
79	E	0.2351	117	148	1.164162304
79	H	0.5018	64	125	1.790857943
79	K	-0.2198	382	193	-0.159898132
79	R	0.2351	430	544	1.16434365
80	*	-1.0045	725	43	-3.250498772
80	F	-1.3155	290	6	-4.769872931
80	W	-1.3908	381	6	-5.163611029
80	Y	-0.8096	333	36	-2.384379707
80	P	-1.2444	188	5	-4.407587099
80	M	-0.9049	222	18	-2.799417207
80	I	-1.4684	339	4	-5.580067805
80	L	-1.4545	965	12	-5.504348973
80	V	-1.3776	726	12	-5.093789579
80	A	-1.7196	454	2	-7.001474829
80	G	-1.2876	919	21	-4.62652997
80	C	0	None	None	None
80	S	-1.3092	898	19	-4.737570463
80	T	-1.9987	420	None	-8.714245518
80	N	-1.6595	178	1	-6.650659773
80	Q	-1.7766	162	None	-7.339850003
80	D	-1.0199	124	7	-3.32176773
80	E	-1.991	406	None	-8.665335917
80	H	-1.9438	330	None	-8.366322214
80	K	-1.7781	163	None	-7.348728154
80	R	-1.0241	1149	64	-3.341089424
81	*	-1.0996	919	40	-3.696919298
81	F	-1.245	942	25	-4.410653402
81	W	-1.4168	1188	17	-5.301782621
81	Y	-1.4671	506	6	-5.572957416
81	P	-1.2179	583	17	-4.274815574
81	M	-0.2771	454	201	-0.350423138
81	I	-0.9363	571	42	-2.939955854
81	L	-0.5164	1699	416	-1.204956761
81	V	-1.0961	1794	79	-3.680109768
81	A	0.119	875	895	0.857678324
81	G	0.1346	3544	3733	0.900030563
81	C	-1.6228	1077	7	-6.440373954
81	S	0.1787	1525	1743	1.017836985
81	T	0	None	None	None
81	N	0.2146	496	605	1.11166868
81	Q	0.2242	303	376	1.136488526
81	D	0.4095	596	1010	1.586044715
81	E	0.2307	768	964	1.153000494
81	H	0.2489	412	534	1.199269063
81	K	0.1138	391	396	0.843405481
81	R	0.0939	2035	1984	0.78845689
82	*	-1.9431	329	None	-8.361943774
82	F	-1.8905	262	None	-8.033423002
82	W	-1.2912	133	3	-4.645246277
82	Y	-1.5147	101	1	-5.833137824
82	P	0.0993	202	199	0.803486796
82	M	-0.7809	68	8	-2.262389183
82	I	-0.5195	70	17	-1.216746517
82	L	-1.1895	311	10	-4.133769017
82	V	-0.8617	400	37	-2.609329166
82	A	-0.0566	441	318	0.353321768
82	G	-0.1658	456	260	0.014551457
82	C	-1.8363	208	None	-7.700439718
82	S	-0.1367	510	310	0.106844627
82	T	0	None	None	None
82	N	-0.0489	202	148	0.376315541
82	Q	0.1004	155	153	0.806337096
82	D	-0.6982	268	40	-1.919087437
82	E	-0.2916	229	98	-0.399420286
82	H	-0.421	96	30	-0.852998247
82	K	-0.9092	150	12	-2.818782531
82	R	-1.288	526	12	-4.62888283
83	*	-1.0795	172	8	-3.601191096
83	F	-1.6078	145	1	-6.354835432
83	W	-1.6552	175	1	-6.626137454
83	Y	-1.0723	105	5	-3.567243765
83	P	-1.3296	305	6	-4.842629273
83	M	-0.5402	200	46	-1.295220575
83	I	-0.9057	136	11	-2.802957564
83	L	-0.4633	349	98	-1.007299724
83	V	-1.104	373	16	-3.717958162
83	A	-0.2585	385	178	-0.287907546
83	G	-0.2896	821	353	-0.39264038
83	C	-1.9076	282	None	-8.139551352
83	S	0.1113	376	379	0.836538845
83	T	0	None	None	None
83	N	0.6569	51	124	2.106844627
83	Q	NS	1	48	3.835501268
83	D	0.3644	125	197	1.481341193
83	E	0.1072	219	219	0.825073658
83	H	0.4031	31	52	1.571317066
83	K	0.4432	75	134	1.662344158
83	R	0.0618	596	546	0.698662279
84	*	-1.5923	77	None	-6.266786541
84	F	-1.5407	63	None	-5.977279924
84	W	-1.4802	50	None	-5.64385619
84	Y	-0.606	83	16	-1.549965773
84	P	-0.6743	119	19	-1.821816592
84	M	-1.4905	52	None	-5.700439718
84	I	-1.02	10	None	-3.321928095
84	L	-0.5147	61	15	-1.198773084
84	V	-1.843	214	None	-7.741466986
84	A	-0.9909	113	7	-3.187750382
84	G	0.2191	405	498	1.123297493
84	C	-1.3843	124	2	-5.129122652
84	S	0.5923	62	138	1.979401805
84	T	-0.7344	52	7	-2.068011138
84	N	-0.1812	49	27	-0.034748684
84	Q	-0.0325	62	47	0.4254662
84	D	-0.2701	20	9	-0.326929435
84	E	-0.8244	29	3	-2.447944836
84	H	0	None	None	None
84	K	-0.3156	47	19	-0.48158768
84	R	-0.3188	339	136	-0.492604964
85	*	-1.1923	157	5	-4.147618996
85	F	-0.993	65	4	-3.197294155
85	W	-1.9257	305	None	-8.252665432
85	Y	-1.758	150	None	-7.228818691
85	P	-1.0752	106	5	-3.580918701
85	M	-1.6144	84	None	-6.392317423
85	I	-0.5756	86	18	-1.431266095
85	L	-1.9916	407	None	-8.668884984
85	V	-1.2349	291	8	-4.359801685
85	A	0.0323	442	382	0.614599927
85	G	0.2523	668	871	1.207898274
85	C	-1.8786	249	None	-7.960001932
85	S	0.1852	479	554	1.034933979
85	T	0	None	None	None
85	N	-0.258	121	56	-0.286434657
85	Q	-0.2551	176	82	-0.276805956
85	D	-1.5856	75	None	-6.228818691
85	E	-1.5988	79	None	-6.303780748
85	H	-0.309	112	46	-0.458719308
85	K	-1.0071	102	6	-3.262389183
85	R	-1.3277	505	10	-4.833137824
86	*	-1.6144	84	None	-6.392317423
86	F	0	None	None	None
86	W	0.428	47	82	1.628036811
86	Y	0.5452	49	102	1.882789156
86	P	-1.3682	33	None	-5.044394119
86	M	NS	None	3	None
86	I	-0.9281	106	8	-2.902846796
86	L	-0.2618	194	89	-0.299105753
86	V	-1.6583	100	None	-6.64385619
86	A	-1.5014	96	1	-5.759888842
86	G	-1.8186	342	1	-7.592778857
86	C	-1.7675	156	None	-7.285402219
86	S	-0.8036	209	23	-2.358723518
86	T	-1.4067	38	None	-5.247927513
86	N	-0.5389	117	27	-1.290403559
86	Q	-1.6052	81	None	-6.339850003
86	D	-0.7949	5	None	-2.321928095
86	E	-1.6083	82	None	-6.357552005
86	H	0.0097	23	19	0.549439216
86	K	-1.2674	23	None	-4.523561956
86	R	-1.7628	153	None	-7.257387843
87	*	-1.7155	126	None	-6.977279924
87	F	-0.3106	44	18	-0.464432959
87	W	-1.6114	83	None	-6.375039431
87	Y	-1.0761	12	None	-3.584962501
87	P	-1.2274	20	None	-4.321928095
87	M	-0.9497	8	None	-3
87	I	-0.1829	51	28	-0.039996762
87	L	-1.6822	195	1	-6.782256655
87	V	0	None	None	None
87	A	-0.1186	87	55	0.163489876
87	G	-1.3612	228	4	-5.007816356
87	C	-0.6782	38	6	-1.837891354
87	S	-1.4955	53	None	-5.727920455
87	T	-0.8096	74	8	-2.384379707
87	N	-0.6045	31	6	-1.544160151
87	Q	-0.5668	70	15	-1.397318763
87	D	-0.9946	49	3	-3.204673685
87	E	-0.0062	10	8	0.503145563
87	H	NS	None	None	None
87	K	-0.9497	8	None	-3
87	R	-1.3753	60	1	-5.081816937
88	*	-0.8446	267	26	-2.535182555
88	F	-1.7675	156	None	-7.285402219
88	W	-0.6207	189	35	-1.607885749
88	Y	-1.5345	109	1	-5.943110667
88	P	0.3731	137	219	1.501828635
88	M	-0.9348	230	17	-2.932953551
88	I	-0.2244	16	8	-0.174926342
88	L	-1.4784	528	6	-5.63435796
88	V	-1.3816	307	5	-5.115093092
88	A	-0.4497	86	25	-0.957334907
88	G	-1.6415	497	3	-6.547065883
88	C	-0.9272	185	14	-2.89895288
88	S	-0.3991	306	101	-0.774102702
88	T	-1.2372	330	9	-4.371323555
88	N	0.1997	48	57	1.073001172
88	Q	-0.0042	127	102	0.508814313
88	D	-0.9386	178	13	-2.950220055
88	E	-0.4422	297	88	-0.929813844
88	H	-1.3597	32	None	-5
88	K	0	None	None	None
88	R	-0.0887	644	434	0.255708013
89	*	-0.8003	9	1	-2.344851343
89	F	-1.2547	22	None	-4.459431619
89	W	-1.5856	75	None	-6.228818691
89	Y	-1.4637	47	None	-5.554588852
89	P	-0.3766	43	15	-0.694300501
89	M	-0.8561	6	None	-2.584962501
89	I	NS	None	None	None
89	L	-1.6428	94	None	-6.554588852
89	V	-0.695	239	36	-1.905868148
89	A	0	None	None	None
89	G	-1.1395	210	8	-3.889171859
89	C	-1.3707	59	1	-5.057569391
89	S	-0.9301	160	12	-2.911891936
89	T	-0.4733	179	49	-1.044032275
89	N	-1.44	43	None	-5.426264755
89	Q	-1.02	10	None	-3.321928095
89	D	-0.8186	19	2	-2.422853855
89	E	-0.2794	109	48	-0.358148166
89	H	-1.3682	33	None	-5.044394119
89	K	-1.528	60	None	-5.906890596
89	R	-1.8739	244	None	-7.930737338
90	*	-1.3124	239	5	-4.753865055
90	F	-0.6589	60	10	-1.759888842
90	W	-0.6643	134	22	-1.781583914
90	Y	-1.2794	24	None	-4.584962501
90	P	-0.8772	34	3	-2.677426682
90	M	0.0239	40	34	0.590608405
90	I	-1.3193	49	1	-4.789636186
90	L	0	None	None	None
90	V	-0.8841	162	14	-2.707421423
90	A	-1.4629	249	3	-5.549965773
90	G	-1.9164	293	None	-8.194756854
90	C	-1.3325	29	None	-4.857980995
90	S	-0.7405	189	25	-2.093312576
90	T	-1.4522	45	None	-5.491853096
90	N	NS	4	None	None
90	Q	-1.5751	72	None	-6.169925001
90	D	-1.6428	94	None	-6.554588852
90	E	-1.589	76	None	-6.247927513
90	H	-1.5323	61	None	-5.930737338
90	K	-1.4206	40	None	-5.321928095
90	R	-1.4844	270	3	-5.666779438
91	*	-1.6481	96	None	-6.584962501
91	F	-1.3437	107	2	-4.916393328
91	W	-1.6401	93	None	-6.539158811
91	Y	-1.6751	107	None	-6.741466986
91	P	-1.1872	216	7	-4.122458922
91	M	-1.6681	104	None	-6.700439718
91	I	-0.1571	203	118	0.04238079
91	L	-1.9796	386	None	-8.592457037
91	V	0.2675	469	628	1.246250295
91	A	-0.4893	335	88	-1.103512008
91	G	-1.9045	493	1	-8.120370178
91	C	0.6594	66	161	2.111596417
91	S	-0.757	333	42	-2.161987286
91	T	0	None	None	None
91	N	-1.4446	155	2	-5.451050747
91	Q	-1.6318	90	None	-6.491853096
91	D	-1.8651	235	None	-7.876516947
91	E	-1.5956	78	None	-6.285402219
91	H	-1.7952	175	None	-7.451211112
91	K	-1.5236	59	None	-5.882643049
91	R	-1.5551	354	3	-6.057569391
92	*	-1.821	195	None	-7.607330314
92	F	3.875	7	74	3.835501268
92	W	0.1616	251	278	0.972471177
92	Y	0.119	88	90	0.857495136
92	P	-0.3029	12	5	-0.437960748
92	M	0	None	None	None
92	I	0.1367	87	92	0.905692118
92	L	0.1607	123	136	0.970021994
92	V	0.2374	174	221	1.170032722
92	A	-0.5953	131	26	-1.507909625
92	G	-1.0682	518	25	-3.54787844
92	C	-0.1776	63	35	-0.022923248
92	S	-0.1299	201	124	0.128218277
92	T	0.2064	99	119	1.090534802
92	N	NS	None	10	None
92	Q	-0.1636	89	51	0.021765569
92	D	NS	None	50	None
92	E	0.17	32	36	0.99499866
92	H	1.1498	21	88	2.892187854
92	K	-0.5614	69	15	-1.376560203
92	R	-0.8827	461	40	-2.701621187
93	*	-1.1405	158	6	-3.893744589
93	F	0.0118	88	73	0.555466599
93	W	0.1633	54	60	0.977076752
93	Y	-0.2552	161	75	-0.277024529
93	P	-1.5566	67	None	-6.06608919
93	M	-0.3542	38	14	-0.615498933
93	I	0.2055	20	24	1.088108064
93	L	-0.0539	171	124	0.361417454
93	V	0.1361	178	188	0.903929079
93	A	-0.3913	214	72	-0.746468327
93	G	-0.8399	486	48	-2.514776345
93	C	-0.3895	145	49	-0.740125588
93	S	-0.3798	130	45	-0.705441058
93	T	-0.7795	127	15	-2.256720433
93	N	-0.2738	65	29	-0.33931316
93	Q	-0.02	27	21	0.462503579
93	D	0	None	None	None
93	E	0.7629	28	78	2.303120955
93	H	0.3737	15	24	1.503145563
93	K	-0.3318	108	42	-0.537496421
93	R	-0.2875	162	70	-0.385493328
94	*	-1.5956	78	None	-6.285402219
94	F	-1.3597	32	None	-5
94	W	-1.4522	45	None	-5.491853096
94	Y	-0.3637	25	9	-0.64885753
94	P	-1.5679	70	None	-6.129283017
94	M	-0.3951	12	4	-0.759888842
94	I	-0.6383	51	9	-1.677426682
94	L	-0.2544	45	21	-0.274462015
94	V	-0.3951	96	32	-0.759888842
94	A	0.0579	77	70	0.687570135
94	G	0	None	None	None
94	C	-0.4582	116	33	-0.988513217
94	S	-0.0693	94	66	0.314878926
94	T	-1.2674	23	None	-4.523561956
94	N	0.5178	9	18	1.825073658
94	Q	NS	2	None	None
94	D	-0.2046	109	57	-0.110220652
94	E	0.2651	30	40	1.240111158
94	H	NS	None	10	None
94	K	NS	None	9	None
94	R	-0.5008	200	51	-1.14635719
95	*	-0.9017	171	14	-2.785423935
95	F	-0.5344	167	39	-1.273228415
95	W	0.0459	107	95	0.65346228
95	Y	-0.1998	70	37	-0.094755993
95	P	-0.3686	104	37	-0.665912694
95	M	NS	2	45	3.835501268
95	I	-0.2244	98	49	-0.174926342
95	L	0.2995	123	174	1.325502649
95	V	-0.0604	253	181	0.341925971
95	A	0.1669	152	170	0.986537081
95	G	0.3413	317	481	1.426627712
95	C	-0.1118	106	68	0.184616045
95	S	-0.0214	254	197	0.458440791
95	T	-0.2441	113	54	-0.240217802
95	N	0.6779	46	115	2.147001753
95	Q	-0.1711	55	31	-0.002089745
95	D	0.8987	34	111	2.532026683
95	E	0.0457	89	79	0.653120975
95	H	-0.0707	70	49	0.310500485
95	K	0	None	None	None
95	R	0.4173	109	187	1.603783793
96	*	-0.4441	78	23	-0.936766605
96	F	-0.635	73	13	-1.664311182
96	W	-1.0018	117	7	-3.237936139
96	Y	NS	2	32	3.835501268
96	P	-0.4692	47	13	-1.029075475
96	M	0.2972	22	31	1.31983835
96	I	0.0239	40	34	0.590608405
96	L	-0.1865	112	61	-0.051543926
96	V	-0.1393	182	110	0.098638732
96	A	-0.054	80	58	0.361126559
96	G	-0.353	414	153	-0.611025457
96	C	-0.3618	94	34	-0.642052352
96	S	0.2118	117	142	1.104456058
96	T	-0.1567	55	32	0.043713945
96	N	1.1658	8	34	2.9125365
96	Q	0	None	None	None
96	D	0.2604	62	82	1.228429353
96	E	0.0957	92	90	0.793364799
96	H	-0.4247	197	61	-0.866240824
96	K	-0.1436	157	94	0.085041761
96	R	-0.0101	252	200	0.491649925
97	*	-1.5679	70	None	-6.129283017
97	F	-0.9004	146	12	-2.7797884
97	W	-1.6144	84	None	-6.392317423
97	Y	-1.174	59	2	-4.057569391
97	P	-0.3884	180	61	-0.7360421
97	M	0.006	50	41	0.538769473
97	I	0.5122	60	119	1.813000826
97	L	-0.0197	293	228	0.463206818
97	V	0.1897	409	477	1.046962081
97	A	0	None	None	None
97	G	-0.9897	595	37	-3.182218834
97	C	-0.8273	195	20	-2.460328561
97	S	-0.804	373	41	-2.360406157
97	T	-0.2272	155	77	-0.184264206
97	N	-1.6994	118	None	-6.882643049
97	Q	-1.4748	49	None	-5.614709844
97	D	-1.0179	88	5	-3.312429865
97	E	-1.5248	105	1	-5.889171859
97	H	-0.2658	22	10	-0.312429865
97	K	NS	1	None	None
97	R	-1.7741	284	1	-7.324673461
98	*	-1.7378	138	None	-7.108524457
98	F	-1.6728	106	None	-6.727920455
98	W	-1.6908	114	None	-6.832890014
98	Y	-1.6401	93	None	-6.539158811
98	P	-1.0752	106	5	-3.580918701
98	M	-0.6589	48	8	-1.759888842
98	I	-0.8391	101	10	-2.51120973
98	L	-0.7151	246	35	-1.98815783
98	V	-0.3544	391	144	-0.616026138
98	A	0	None	None	None
98	G	0.0814	166	158	0.753814975
98	C	-0.9753	169	11	-3.116374159
98	S	0.1849	109	126	1.034169257
98	T	-0.3795	153	53	-0.70439373
98	N	-0.5479	71	16	-1.324673461
98	Q	-0.5315	17	4	-1.262389183
98	D	NS	2	14	3.63242858
98	E	-0.3318	144	56	-0.537496421
98	H	-1.7096	123	None	-6.942514505
98	K	0.3263	25	37	1.390670834
98	R	-0.1711	236	133	-0.002286956
99	*	-0.756	253	32	-2.157919916
99	F	-0.5382	186	43	-1.287820398
99	W	0	None	None	None
99	Y	-1.0071	119	7	-3.262389183
99	P	-1.3798	122	2	-5.105663679
99	M	-0.6451	179	31	-1.704545809
99	I	-1.8045	182	None	-7.50779464
99	L	-0.8857	314	27	-2.714659588
99	V	-1.0756	467	22	-3.582773463
99	A	-1.047	232	12	-3.447944836
99	G	-1.4054	804	12	-5.241015532
99	C	-0.8173	265	28	-2.417419969
99	S	-1.3514	605	11	-4.956286055
99	T	-1.2346	109	3	-4.358148166
99	N	-1.3193	49	1	-4.789636186
99	Q	-1.6454	95	None	-6.569855608
99	D	-0.5924	50	10	-1.496854437
99	E	-1.7781	163	None	-7.348728154
99	H	-1.6318	90	None	-6.491853096
99	K	-1.8045	182	None	-7.50779464
99	R	-1.1096	475	20	-3.74478195
100	*	-1.0467	367	19	-3.446635081
100	F	-1.7882	170	None	-7.409390936
100	W	-1.95	339	None	-8.405141463
100	Y	-1.6973	117	None	-6.87036472
100	P	-1.791	172	None	-7.426264755
100	M	-1.156	222	8	-3.969342208
100	I	-1.1587	168	6	-3.982281264
100	L	-1.3618	457	8	-5.010976697
100	V	-1.1854	644	21	-4.113525797
100	A	-0.2079	158	82	-0.121155085
100	G	-1.2234	699	20	-4.302146892
100	C	-1.8005	317	1	-7.483265372
100	S	-0.375	691	242	-0.688605005
100	T	-0.6528	413	70	-1.735641296
100	N	-0.1793	159	88	-0.028377678
100	Q	-0.5389	52	12	-1.290403559
100	D	-1.2597	119	3	-4.484781604
100	E	-1.0845	153	7	-3.624959262
100	H	-1.5004	54	None	-5.754887502
100	K	-0.1922	212	114	-0.069956782
100	R	0	None	None	None
101	*	-0.9901	161	10	-3.183915125
101	F	0	None	None	None
101	W	-0.0992	220	145	0.223623035
101	Y	0.482	96	182	1.747905798
101	P	-0.3832	134	46	-0.717453576
101	M	-0.3617	152	55	-0.641494142
101	I	-0.8244	58	6	-2.447944836
101	L	-0.6184	220	41	-1.598734051
101	V	-1.1446	454	17	-3.914011988
101	A	-0.2894	179	77	-0.391955578
101	G	-1.2052	361	11	-4.21134975
101	C	-0.6417	143	25	-1.690941489
101	S	0.4938	214	413	1.773604643
101	T	-0.5841	44	9	-1.464432959
101	N	3.875	9	88	3.835501268
101	Q	0.2244	29	36	1.137017665
101	D	-0.0986	244	161	0.225253199
101	E	0.2519	99	129	1.206944294
101	H	0.2551	29	38	1.215020177
101	K	-0.5531	45	10	-1.344851343
101	R	-0.9721	365	24	-3.101716495
102	*	-1.0973	228	10	-3.685888261
102	F	-0.7491	124	16	-2.129122652
102	W	-1.8282	201	None	-7.651051691
102	Y	-1.2848	130	3	-4.612331654
102	P	-1.7839	167	None	-7.383704292
102	M	-1.1506	218	8	-3.943110667
102	I	0	None	None	None
102	L	-1.0485	408	21	-3.455034261
102	V	-0.3205	508	203	-0.498275111
102	A	-1.7412	248	1	-7.129122652
102	G	-1.5109	697	7	-5.812586266
102	C	-1.5138	302	3	-5.82836858
102	S	-1.4006	395	6	-5.215672684
102	T	-1.1398	289	11	-3.890420406
102	N	-1.0249	108	6	-3.344851343
102	Q	-1.4905	52	None	-5.700439718
102	D	-1.7213	129	None	-7.011227255
102	E	-1.1886	217	7	-4.129122652
102	H	-1.6728	106	None	-6.727920455
102	K	-1.7116	124	None	-6.95419631
102	R	-2.0157	453	None	-8.82336724
103	*	-0.3951	57	19	-0.759888842
103	F	-1.1968	18	None	-4.169925001
103	W	-1.4462	44	None	-5.459431619
103	Y	-0.4451	17	5	-0.940461088
103	P	-1.4522	45	None	-5.491853096
103	M	-1.179	60	2	-4.081816937
103	I	-0.6139	53	10	-1.580918701
103	L	-1.7675	156	None	-7.285402219
103	V	-1.1226	124	5	-3.807194557
103	A	0.0385	88	77	0.63242858
103	G	-0.6254	268	49	-1.626305688
103	C	NS	None	None	None
103	S	-0.2624	203	93	-0.301103448
103	T	-0.1776	9	5	-0.022923248
103	N	-0.7601	40	5	-2.174926342
103	Q	-0.1108	14	9	0.187643738
103	D	-0.9497	8	None	-3
103	E	-0.5084	20	5	-1.174926342
103	H	-1.2794	24	None	-4.584962501
103	K	-0.0377	60	45	0.410036159
103	R	0	None	None	None
104	*	-1.5644	367	3	-6.109600094
104	F	-1.1479	189	7	-3.929813844
104	W	-0.9819	455	29	-3.146668082
104	Y	-1.7055	121	None	-6.918863237
104	P	-1.9927	409	None	-8.675957033
104	M	-0.3293	276	108	-0.528563296
104	I	0	None	None	None
104	L	0.2687	635	852	1.249170497
104	V	-0.1839	942	516	-0.043282336
104	A	-1.6218	613	4	-6.434669605
104	G	-1.2289	1033	29	-4.329569885
104	C	-1.022	107	6	-3.331430827
104	S	-1.0835	719	33	-3.620380183
104	T	-0.8244	261	27	-2.447944836
104	N	-1.1025	232	10	-3.710979242
104	Q	-1.6908	114	None	-6.832890014
104	D	-1.8869	258	None	-8.011227255
104	E	-1.9382	322	None	-8.330916878
104	H	-0.7727	83	10	-2.228037678
104	K	-1.4067	202	3	-5.248175324
104	R	-2.121	729	None	-9.509775004
105	*	-1.0351	186	10	-3.392157058
105	F	-1.404	200	3	-5.233820031
105	W	-1.642	166	1	-6.549965773
105	Y	-1.0278	109	6	-3.358148166
105	P	0.3053	154	220	1.339646831
105	M	-1.528	60	None	-5.906890596
105	I	-1.5365	62	None	-5.95419631
105	L	-1.2398	259	7	-4.384379707
105	V	-1.0598	383	19	-3.50819941
105	A	-0.5836	371	76	-1.462274205
105	G	-0.5983	767	151	-1.51960437
105	C	-0.5437	79	18	-1.308782088
105	S	-0.8076	515	56	-2.376000042
105	T	-0.648	163	28	-1.716299574
105	N	1.0311	28	105	2.731964254
105	Q	0.1965	72	85	1.064539593
105	D	0	None	None	None
105	E	-0.1551	149	87	0.048848634
105	H	-0.9533	86	6	-3.016228596
105	K	-0.009	44	35	0.494925057
105	R	-0.3389	306	117	-0.561949465
106	*	-0.9897	386	24	-3.182420878
106	F	-1.6087	291	2	-6.359801685
106	W	-1.8569	227	None	-7.826548487
106	Y	-1.8777	248	None	-7.95419631
106	P	-1.1045	537	23	-3.720142664
106	M	-1.1294	406	16	-3.840262259
106	I	-0.4207	259	81	-0.851884627
106	L	-1.1286	1164	46	-3.836239729
106	V	-0.2176	776	394	-0.152787364
106	A	0.131	996	1042	0.890211288
106	G	0.1999	1096	1302	1.073555308
106	C	-0.1538	275	161	0.052702728
106	S	-0.0406	1379	1028	0.401291466
106	T	0	None	None	None
106	N	0.2008	332	395	1.07574307
106	Q	-0.6096	351	67	-1.564164372
106	D	-1.0357	466	25	-3.395256297
106	E	-2.0019	426	None	-8.73470962
106	H	-1.7979	177	None	-7.46760555
106	K	-1.1867	308	10	-4.119784788
106	R	-1.2993	1186	26	-4.686374918
107	*	-1.4463	390	5	-5.460328561
107	F	-1.7882	170	None	-7.409390936
107	W	-1.8878	259	None	-8.016808288
107	Y	-1.8527	223	None	-7.8008999
107	P	-1.2946	314	7	-4.662192169
107	M	-1.7076	122	None	-6.930737338
107	I	-1.7564	149	None	-7.21916852
107	L	-1.2339	435	12	-4.354835432
107	V	-1.0999	667	29	-3.698488298
107	A	0	None	None	None
107	G	0.1801	1001	1147	1.021497075
107	C	-1.658	354	2	-6.642531892
107	S	-0.4455	582	171	-0.94194917
107	T	-0.9528	229	16	-3.01413013
107	N	-0.7534	102	13	-2.146911966
107	Q	-1.1978	64	2	-4.174926342
107	D	-0.8674	352	32	-2.63435796
107	E	-0.4019	119	39	-0.784341886
107	H	-1.6884	200	1	-6.818782532
107	K	-1.4394	152	2	-5.422853855
107	R	-1.7564	528	2	-7.219320461
108	*	-0.8767	215	19	-2.675191678
108	F	-1.4192	282	4	-5.314477694
108	W	-1.4102	341	5	-5.266626176
108	Y	-0.8488	156	15	-2.553437965
108	P	-1.6847	197	1	-6.796978161
108	M	-1.7515	146	None	-7.189824559
108	I	-1.7481	144	None	-7.169925001
108	L	-1.6025	568	4	-6.324673461
108	V	-1.3218	445	9	-4.802662866
108	A	-1.1314	281	11	-3.849921043
108	G	-1.1044	677	29	-3.71995737
108	C	0	None	None	None
108	S	-1.1733	412	14	-4.054071947
108	T	-1.7014	119	None	-6.894817763
108	N	-1.5566	67	None	-6.06608919
108	Q	-1.5923	77	None	-6.266786541
108	D	-1.6951	116	None	-6.857980995
108	E	-1.6681	104	None	-6.700439718
108	H	-1.3682	33	None	-5.044394119
108	K	-1.6583	100	None	-6.64385619
108	R	-1.1609	536	19	-3.993088019
109	*	-1.8122	333	1	-7.554304709
109	F	-1.2591	475	12	-4.481747544
109	W	-1.114	241	10	-3.765887583
109	Y	-0.8917	154	13	-2.741273164
109	P	-1.4728	517	6	-5.603984311
109	M	-0.0811	384	263	0.279030147
109	I	-0.1731	385	216	-0.008753475
109	L	-0.1672	825	469	0.010267462
109	V	0	None	None	None
109	A	-0.0158	988	775	0.474758927
109	G	0.3873	815	1333	1.534878474
109	C	-1.1682	347	12	-4.028755694
109	S	0.207	856	1030	1.092035294
109	T	-0.0787	523	360	0.286259618
109	N	0.3786	124	200	1.514733538
109	Q	0.1381	216	229	0.909389944
109	D	0.2506	400	520	1.203585282
109	E	0.1675	426	477	0.988209494
109	H	0.0546	362	327	0.678374597
109	K	0.1295	254	265	0.886237521
109	R	-0.0979	1023	676	0.227362665
110	*	-0.6054	145	28	-1.54748051
110	F	-1.3554	279	5	-4.977119559
110	W	-1.0865	308	14	-3.63435796
110	Y	-0.9946	196	12	-3.204673685
110	P	0.0598	206	188	0.693161983
110	M	-1.6174	85	None	-6.409390936
110	I	-1.6052	81	None	-6.339850003
110	L	-1.3876	502	8	-5.146469896
110	V	-2.0201	462	None	-8.851749041
110	A	-1.7281	235	1	-7.051443288
110	G	-1.0294	347	19	-3.365790681
110	C	0	None	None	None
110	S	-1.0711	251	12	-3.561507395
110	T	-1.493	93	1	-5.714085153
110	N	-1.5642	69	None	-6.108524457
110	Q	-1.5192	58	None	-5.857980995
110	D	-1.5923	77	None	-6.266786541
110	E	-1.5604	68	None	-6.087462841
110	H	-1.6346	91	None	-6.50779464
110	K	-0.6589	24	4	-1.759888842
110	R	-1.011	568	33	-3.280279342
111	*	-0.8613	216	20	-2.607885749
111	F	-0.066	99	70	0.325000055
111	W	-0.682	224	35	-1.852998247
111	Y	0.0388	201	176	0.633453586
111	P	-1.861	231	None	-7.851749041
111	M	0.2448	129	166	1.188885834
111	I	0.0621	144	132	0.699542776
111	L	0.2385	220	280	1.172996962
111	V	0	None	None	None
111	A	0.2347	265	335	1.163242394
111	G	0.2897	547	761	1.301429279
111	C	0.0625	109	100	0.700745523
111	S	0.4469	256	460	1.670563709
111	T	1.1093	50	202	2.839428951
111	N	0.014	204	170	0.562039252
111	Q	0.2558	125	164	1.216841378
111	D	-0.2137	203	104	-0.139822541
111	E	0.081	163	155	0.752469909
111	H	0.2055	45	54	1.088108064
111	K	0.5003	78	152	1.787598953
111	R	0.154	434	474	0.952265675
112	*	-0.8112	158	17	-2.391244249
112	F	-0.5312	259	61	-1.260997292
112	W	-1.5345	109	1	-5.943110667
112	Y	-0.6743	119	19	-1.821816592
112	P	-0.4428	169	50	-0.931949588
112	M	-0.1379	127	77	0.103175512
112	I	-0.2116	68	35	-0.133106166
112	L	0	None	None	None
112	V	0.268	250	335	1.247306659
112	A	0.436	90	159	1.646103517
112	G	0.0827	218	208	0.757329052
112	C	0.2775	138	188	1.271138053
112	S	0.154	228	249	0.952185576
112	T	-0.3003	291	122	-0.429064347
112	N	-0.2811	57	25	-0.363960166
112	Q	0.1421	44	47	0.920230891
112	D	-1.1862	123	4	-4.117440847
112	E	-0.7283	73	10	-2.042822806
112	H	0.4024	37	62	1.569816603
112	K	-0.435	116	35	-0.90362432
112	R	0.4823	184	349	1.748594928
113	*	-1.0923	157	7	-3.662192169
113	F	-0.6976	214	32	-1.916393328
113	W	-1.4172	210	3	-5.304209359
113	Y	-0.2842	147	64	-0.374598687
113	P	-0.589	213	43	-1.483371207
113	M	-0.4106	159	51	-0.815383955
113	I	-0.2167	57	29	-0.149835361
113	L	-0.3038	570	237	-0.441001202
113	V	-0.3264	429	169	-0.518880743
113	A	-0.1966	678	361	-0.084212778
113	G	0.422	302	522	1.614574916
113	C	-0.5694	235	50	-1.407587099
113	S	0	None	None	None
113	T	-0.4016	378	124	-0.782972456
113	N	0.2528	141	184	1.209084262
113	Q	-0.2308	138	68	-0.195987957
113	D	0.0236	206	175	0.589784243
113	E	-0.0027	175	141	0.513413899
113	H	-0.0641	162	115	0.330713706
113	K	0.1743	112	127	1.006403423
113	R	-0.0593	463	332	0.345244706
114	*	-1.2097	300	9	-4.233820031
114	F	-0.2636	394	180	-0.305125065
114	W	-0.3248	177	70	-0.513248875
114	Y	-0.4541	407	117	-0.973446606
114	P	0.1122	208	210	0.838879458
114	M	0.0347	327	284	0.621673952
114	I	0.1132	172	174	0.841752399
114	L	0.0278	488	418	0.601695453
114	V	-0.1705	622	351	-0.000369892
114	A	0.1784	316	361	1.017147937
114	G	0.0464	683	607	0.654884596
114	C	-0.586	344	70	-1.471908079
114	S	0.3506	464	715	1.448892095
114	T	0.0332	343	297	0.617328013
114	N	0.3705	98	156	1.495766033
114	Q	1.0335	29	109	2.735276988
114	D	-0.0488	277	203	0.376667409
114	E	0.2819	153	210	1.281931333
114	H	0.0752	151	142	0.736416038
114	K	0.0049	231	189	0.535567041
114	R	0	None	None	None
115	*	-1.1383	183	7	-3.883271258
115	F	-0.3451	154	58	-0.583731887
115	W	-0.8232	183	19	-2.442698667
115	Y	0.4725	61	114	1.727226335
115	P	-0.1406	302	182	0.094463559
115	M	-0.2955	217	92	-0.412915618
115	I	-0.4962	248	64	-1.129122652
115	L	0.0459	339	301	0.653551872
115	V	-0.272	587	263	-0.333224046
115	A	-0.2129	378	194	-0.137255924
115	G	-0.2182	712	361	-0.154804746
115	C	-1.894	266	None	-8.055282436
115	S	-0.0651	511	362	0.327740064
115	T	-0.0457	404	298	0.386030696
115	N	-0.2715	321	144	-0.331430827
115	Q	-0.2503	225	106	-0.260787078
115	D	-0.1245	306	191	0.145114644
115	E	0.1072	177	177	0.825073658
115	H	-0.1648	189	108	0.017718736
115	K	0	None	None	None
115	R	0.0385	768	672	0.63242858
116	*	-1.3193	245	5	-4.789636186
116	F	-0.0695	161	113	0.314335743
116	W	-0.2526	431	202	-0.268258918
116	Y	0.1534	187	204	0.95060454
116	P	-0.2598	575	265	-0.292495938
116	M	-0.0383	235	176	0.40798833
116	I	0.7334	54	145	2.250095246
116	L	0.0453	601	533	0.6518442
116	V	-0.0364	770	579	0.413778561
116	A	0	None	None	None
116	G	-0.1381	1132	686	0.102480182
116	C	-0.7871	251	29	-2.288488901
116	S	0.0219	665	563	0.58485424
116	T	0.0995	411	405	0.803857172
116	N	0.2331	142	179	1.159142316
116	Q	-0.0361	315	237	0.414608889
116	D	0.1531	310	338	0.949828689
116	E	0.1163	284	289	0.850252221
116	H	0.1403	263	280	0.915437686
116	K	-0.004	341	274	0.509477812
116	R	-0.0343	870	657	0.419951628
117	*	-1.7741	284	1	-7.324673461
117	F	-0.3812	229	79	-0.710349382
117	W	-0.5227	382	92	-1.228793214
117	Y	-0.0651	96	68	0.327573999
117	P	0.1209	264	271	0.86282858
117	M	0.2501	97	126	1.20244074
117	I	-0.0142	169	133	0.479476658
117	L	-0.0806	423	290	0.280468895
117	V	-0.0801	695	477	0.282049947
117	A	0.0417	595	524	0.641750802
117	G	0	None	None	None
117	C	-0.4928	315	82	-1.116582355
117	S	-0.0303	520	396	0.432062465
117	T	0.0809	345	328	0.752173111
117	N	0.0535	142	128	0.675326539
117	Q	0.785	58	166	2.342132094
117	D	0.4056	171	288	1.577146145
117	E	0.2182	224	275	1.121006545
117	H	-0.0938	219	146	0.240111158
117	K	0.073	110	103	0.730214472
117	R	-0.016	695	545	0.47431691
118	*	-0.9706	333	22	-3.09487309
118	F	-0.02	243	189	0.462503579
118	W	-0.0034	445	358	0.51122791
118	Y	0.1601	134	148	0.968437833
118	P	-0.0388	441	330	0.406761027
118	M	0.3906	149	245	1.542543077
118	I	-0.0814	282	193	0.277979343
118	L	0.0605	661	604	0.694971936
118	V	0.1492	618	669	0.939473031
118	A	0.0064	563	462	0.539831588
118	G	0.1009	1179	1165	0.807839895
118	C	-0.7282	467	64	-2.042205081
118	S	-0.0671	940	663	0.321421772
118	T	-0.0023	351	283	0.514404681
118	N	0.031	174	150	0.610948853
118	Q	0.091	262	254	0.780335344
118	D	-0.1378	597	362	0.103332424
118	E	0.1813	276	317	1.024888232
118	H	-0.0786	321	221	0.286546731
118	K	0.3649	220	347	1.482505797
118	R	0	None	None	None
119	*	-0.908	137	11	-2.813526806
119	F	0.1766	166	189	1.012276651
119	W	-0.0904	344	231	0.250557945
119	Y	0.2218	208	257	1.130258489
119	P	0.5349	158	324	1.861142913
119	M	-0.1524	361	212	0.057139086
119	I	0.2348	174	220	1.163489876
119	L	-0.0477	712	523	0.380007364
119	V	0.1371	533	564	0.906633288
119	A	0.0788	452	428	0.746361682
119	G	0.0617	714	654	0.69844022
119	C	-0.5006	196	50	-1.145779996
119	S	-0.0069	949	758	0.500863419
119	T	-0.0214	401	311	0.458386002
119	N	0.1101	179	180	0.833110977
119	Q	0.2477	184	238	1.196329466
119	D	0.0335	232	201	0.618144354
119	E	0.0487	280	250	0.661574926
119	H	-0.0657	270	191	0.325686889
119	K	0.1232	227	234	0.868889891
119	R	0	None	None	None
120	*	-1.8097	186	None	-7.539158811
120	F	-0.1794	150	83	-0.028705601
120	W	-0.0542	138	100	0.360405391
120	Y	0.052	148	133	0.670902728
120	P	-0.0618	272	194	0.337523659
120	M	0.2178	75	92	1.119816924
120	I	0.1496	156	169	0.940550876
120	L	0.1171	262	267	0.852346588
120	V	-0.0043	533	428	0.508548922
120	A	0	None	None	None
120	G	0.0554	462	418	0.680683749
120	C	-0.8019	217	24	-2.351515073
120	S	0.1712	306	345	0.998138367
120	T	-0.0856	286	194	0.265115164
120	N	-0.1941	198	106	-0.076362507
120	Q	0.5703	76	164	1.934698149
120	D	-0.0982	477	315	0.226436221
120	E	-0.0967	240	159	0.231066018
120	H	-0.0024	129	104	0.514286121
120	K	0.1673	109	122	0.987626671
120	R	0.0849	454	435	0.763396762