Location	Mutation	Normalized_FitnessMetric	Unselected_Reads	Selected_Reads	RawLog2
1	*	-1.6952	162	2	-6.317880829
1	F	-0.6079	107	46	-1.195935856
1	W	-0.6744	197	71	-1.450335526
1	Y	-0.7406	123	37	-1.711091965
1	P	-0.1332	23	30	0.405297814
1	M	0.1424	33	73	1.167399614
1	I	-0.658	77	29	-1.386836371
1	L	-0.4961	98	56	-0.785385748
1	V	-0.5907	109	49	-1.131505306
1	A	-0.2818	190	180	-0.056033338
1	G	0.0986	133	272	1.05414958
1	C	-0.6898	81	28	-1.510525907
1	S	0	None	None	None
1	T	-0.5856	90	41	-1.112331917
1	N	-0.8738	136	28	-2.258138745
1	Q	-0.0167	34	56	0.741861255
1	D	0.2563	67	180	1.44773308
1	E	0.4033	13	44	1.780961075
1	H	-0.0945	34	48	0.519468834
1	K	-0.3756	106	81	-0.366101277
1	R	-0.3874	152	113	-0.405779377
2	*	-0.7383	109	33	-1.701821031
2	F	0.2748	13	36	1.491454458
2	W	0.3004	44	127	1.551222242
2	Y	NS	4	2	-0.978030826
2	P	-0.148	34	43	0.360771088
2	M	-0.189	25	29	0.23609398
2	I	NS	None	None	None
2	L	0.0205	52	92	0.845091412
2	V	0.3201	46	137	1.596439301
2	A	-0.1348	80	104	0.400480798
2	G	-0.0629	115	173	0.611107351
2	C	-0.4597	8	5	-0.656102731
2	S	0	None	None	None
2	T	0.3764	8	26	1.722408892
2	N	0.5644	20	85	2.109432016
2	Q	-0.7032	6	2	-1.562993326
2	D	NS	3	13	2.137446392
2	E	0.2878	35	99	1.522042777
2	H	0.1839	37	88	1.271947427
2	K	NS	None	None	None
2	R	-0.2877	138	129	-0.075328027
3	*	-1.536	88	2	-5.437462444
3	F	-0.4331	72	48	-0.562993326
3	W	-0.7416	60	18	-1.71499642
3	Y	-0.046	18	28	0.659399095
3	P	-0.173	45	54	0.28500358
3	M	0.2705	20	55	1.481400793
3	I	NS	4	12	1.606931675
3	L	-0.0059	173	291	0.77221629
3	V	0.0269	129	231	0.86249096
3	A	0.0679	30	58	0.973059574
3	G	-0.1133	145	197	0.464111904
3	C	-0.3728	39	30	-0.356542449
3	S	0	None	None	None
3	T	0.4087	17	58	1.792487328
3	N	0.4521	44	160	1.884465651
3	Q	NS	None	29	None
3	D	0.3708	18	58	1.710025168
3	E	NS	None	12	None
3	H	NS	None	3	None
3	K	NS	4	9	1.191894176
3	R	0.389	48	159	1.749889629
4	*	-1.4222	29	1	-4.836011821
4	F	NS	3	48	3.835501268
4	W	-0.6523	34	13	-1.365053949
4	Y	0.0319	26	47	0.876118308
4	P	0.3836	14	46	1.738176208
4	M	NS	None	None	None
4	I	0.0183	21	37	0.839105117
4	L	0.0526	116	218	0.932172504
4	V	0.1225	133	284	1.116433858
4	A	0.3987	36	121	1.77090741
4	G	-0.0917	193	274	0.52754422
4	C	-0.7884	38	10	-1.904030244
4	S	0.3328	105	319	1.62513627
4	T	0.202	75	184	1.31671244
4	N	0.4338	37	131	1.84593881
4	Q	-0.1501	135	170	0.354544513
4	D	0.1716	64	149	1.241137695
4	E	0.1088	60	125	1.080862863
4	H	0	None	None	None
4	K	0.1245	49	105	1.121504848
4	R	0.0374	271	495	0.891104848
5	*	NS	1	None	None
5	F	NS	None	None	None
5	W	-0.9956	14	2	-2.785385748
5	Y	-0.2978	58	53	-0.108091366
5	P	0	None	None	None
5	M	NS	None	None	None
5	I	NS	None	None	None
5	L	-0.2973	47	43	-0.106354923
5	V	0.0863	11	22	1.021969174
5	A	NS	None	15	None
5	G	0.3755	53	172	1.720313474
5	C	-0.27	73	71	-0.018108265
5	S	-0.0142	29	48	0.74895068
5	T	0.1729	24	56	1.244361596
5	N	NS	2	22	3.481400793
5	Q	-0.2508	68	69	0.04303079
5	D	NS	None	None	None
5	E	NS	None	None	None
5	H	NS	3	3	0.021969174
5	K	NS	None	None	None
5	R	-0.2223	25	27	0.133000487
6	*	NS	None	None	None
6	F	0.0863	7	14	1.021969174
6	W	0.0863	16	32	1.021969174
6	Y	0.8711	17	104	2.634946051
6	P	NS	2	1	-0.978030826
6	M	1.6063	5	53	3.427961534
6	I	0.0333	16	29	0.879950169
6	L	0.412	14	48	1.799576753
6	V	0	None	None	None
6	A	0.4171	33	114	1.810465069
6	G	0.004	238	408	0.799576753
6	C	NS	2	3	0.606931675
6	S	0.915	15	96	2.700041079
6	T	0.5437	15	62	2.069274889
6	N	NS	None	None	None
6	Q	0.8839	5	31	2.65423739
6	D	NS	4	23	2.54553113
6	E	-0.5051	34	19	-0.817566153
6	H	0.2448	11	29	1.420518551
6	K	NS	None	None	None
6	R	0.0102	132	229	0.816778843
7	*	-1.4124	140	5	-4.785385748
7	F	0	None	None	None
7	W	0.0937	74	150	1.041334499
7	Y	0.0273	125	224	0.863539812
7	P	-0.6158	57	24	-1.225958339
7	M	0.7389	7	37	2.424067618
7	I	-0.1166	103	139	0.45440972
7	L	0.2254	192	490	1.373644613
7	V	0.152	144	324	1.191894176
7	A	0.6726	17	83	2.309545764
7	G	1.0288	22	157	2.857158305
7	C	-0.2824	74	70	-0.058201174
7	S	0.1111	163	341	1.086868949
7	T	-0.0158	60	99	0.744435199
7	N	0.1803	22	52	1.262977274
7	Q	0.8163	13	75	2.550348147
7	D	0.4797	46	174	1.941350714
7	E	1.0972	19	144	2.943966662
7	H	-0.161	65	80	0.321529456
7	K	0.8302	7	41	2.572166257
7	R	-0.1185	122	164	0.448783841
8	*	-1.734	93	None	-6.539158811
8	F	-0.4043	7	5	-0.463457653
8	W	-0.0986	10	14	0.507396001
8	Y	0.0999	40	82	1.057593084
8	P	0.4579	9	33	1.896438292
8	M	-0.0732	19	28	0.581396583
8	I	NS	None	6	None
8	L	0.0497	84	157	0.9242725
8	V	-0.1906	109	126	0.231064773
8	A	-0.4264	62	42	-0.539909713
8	G	-0.0867	76	109	0.542225986
8	C	0.0192	17	30	0.841396929
8	S	NS	None	1	None
8	T	NS	None	None	None
8	N	-0.161	13	16	0.321529456
8	Q	0.0915	53	107	1.035515706
8	D	0.4105	38	130	1.796409474
8	E	-0.1922	46	53	0.226327673
8	H	0	None	None	None
8	K	NS	None	None	None
8	R	0.1953	87	211	1.300124867
9	*	-0.7083	146	48	-1.582892884
9	F	0.0205	91	161	0.845091412
9	W	-0.2248	54	58	0.125062667
9	Y	-0.3523	88	71	-0.287715325
9	P	-0.1045	167	231	0.490013923
9	M	0.8722	8	49	2.636679018
9	I	-0.4914	64	37	-0.76857746
9	L	-0.0791	195	284	0.56438598
9	V	0.1414	245	541	1.164816019
9	A	0.3209	110	328	1.598161465
9	G	0.1464	408	909	1.177680317
9	C	-1.1653	36	3	-3.562993326
9	S	0.1857	280	668	1.27639045
9	T	0.6616	60	289	2.290004261
9	N	0.2959	119	341	1.54077934
9	Q	0.028	73	131	0.865567617
9	D	0.2411	171	448	1.411471581
9	E	0.2618	149	404	1.461012137
9	H	0.6444	21	99	2.259008372
9	K	0.1272	111	239	1.128420116
9	R	0	None	None	None
10	*	-1.3064	19	None	-4.247927513
10	F	-0.4878	60	35	-0.755638404
10	W	-0.3836	260	195	-0.393068325
10	Y	-0.4174	26	18	-0.508545542
10	P	-0.2686	163	159	-0.013876025
10	M	NS	2	28	3.829324096
10	I	-1.4782	35	None	-5.129283017
10	L	-0.9449	126	21	-2.562993326
10	V	-0.7382	317	96	-1.701407355
10	A	0.3658	81	259	1.698927459
10	G	0	None	None	None
10	C	-0.3613	205	162	-0.317660922
10	S	-0.1059	174	240	0.485916274
10	T	NS	1	8	3.021969174
10	N	NS	1	1	0.021969174
10	Q	0.0611	22	42	0.954854978
10	D	0.1257	95	204	1.124538908
10	E	0.0115	23	40	0.820335313
10	H	-0.0602	41	62	0.61861348
10	K	-0.5001	76	43	-0.799693584
10	R	0.1897	194	466	1.286242477
11	*	-0.9812	288	43	-2.721691072
11	F	-0.6029	62	27	-1.177339634
11	W	-0.7257	134	42	-1.651802593
11	Y	-0.6688	41	15	-1.428692235
11	P	-0.5493	44	22	-0.978030826
11	M	-0.1739	96	115	0.282496725
11	I	-0.8016	71	18	-1.957852944
11	L	-0.1782	123	146	0.269279228
11	V	-0.2827	256	242	-0.059167588
11	A	-0.2489	158	161	0.049105304
11	G	-0.3573	805	642	-0.304446312
11	C	-1.0906	245	26	-3.214229047
11	S	-0.3383	204	170	-0.241065232
11	T	-0.5305	164	86	-0.909318076
11	N	-1.4892	37	1	-5.187484191
11	Q	-0.1211	86	115	0.441194471
11	D	-0.0207	93	152	0.730737877
11	E	0	None	None	None
11	H	-1.0387	8	1	-2.978030826
11	K	-0.2396	50	52	0.078552703
11	R	-1.0658	270	31	-3.100650112
12	*	-1.5894	53	None	-5.727920455
12	F	0	None	None	None
12	W	-0.4723	66	40	-0.70049685
12	Y	0.1729	36	84	1.244361596
12	P	NS	None	None	None
12	M	NS	3	4	0.437006674
12	I	-0.0675	53	79	0.597829468
12	L	-0.0136	70	116	0.750667152
12	V	0.1151	84	177	1.097257302
12	A	0.0431	91	168	0.906491957
12	G	0.4753	133	500	1.932471023
12	C	-0.0372	297	470	0.684167
12	S	0.1599	32	73	1.211793733
12	T	0.0231	9	16	0.852044173
12	N	0.5555	15	63	2.092358502
12	Q	0.0863	14	28	1.021969174
12	D	0.4517	41	149	1.88358569
12	E	NS	None	None	None
12	H	NS	1	1	0.021969174
12	K	-0.1863	36	42	0.244361596
12	R	-0.2502	62	63	0.045052787
13	*	-1.3064	19	None	-4.247927513
13	F	-0.8121	191	47	-2.000870802
13	W	NS	2	None	None
13	Y	-0.9259	34	6	-2.480531166
13	P	-0.711	190	62	-1.593690124
13	M	-0.4803	69	41	-0.729003278
13	I	-1.6085	57	None	-5.832890014
13	L	-1.5854	371	7	-5.70595128
13	V	-0.8287	179	42	-2.06952918
13	A	-0.4647	115	71	-0.673773757
13	G	0.0245	46	82	0.855959223
13	C	-0.8208	50	12	-2.036924515
13	S	0	None	None	None
13	T	-0.2813	116	110	-0.054652107
13	N	-0.3246	50	43	-0.195622261
13	Q	NS	None	None	None
13	D	0.0407	37	68	0.89997865
13	E	0.8163	13	75	2.550348147
13	H	0.4351	42	149	1.848820272
13	K	-1.0006	7	None	-2.807354922
13	R	-1.5	154	4	-5.244817366
14	*	-1.3213	20	None	-4.321928095
14	F	-0.5684	84	40	-1.048420154
14	W	-1.0809	9	None	-3.169925001
14	Y	-1.7547	101	None	-6.658211483
14	P	-0.4255	81	55	-0.536521115
14	M	NS	1	None	None
14	I	-0.1582	21	26	0.33009147
14	L	-1.0848	37	4	-3.187484191
14	V	0	None	None	None
14	A	0.066	68	131	0.967929335
14	G	-0.4798	158	94	-0.727222722
14	C	-0.0986	35	49	0.507396001
14	S	0.0895	86	173	1.030332647
14	T	0.1169	79	167	1.101892719
14	N	NS	None	None	None
14	Q	0.1892	15	36	1.28500358
14	D	-0.2574	13	13	0.021969174
14	E	-0.8476	9	2	-2.147955827
14	H	-0.8837	20	4	-2.299958921
14	K	-1.17	12	None	-3.584962501
14	R	-1.1433	67	6	-3.459157515
15	*	-1.1182	175	17	-3.341779096
15	F	-1.0027	93	13	-2.816749919
15	W	-1.1561	163	14	-3.519404058
15	Y	-0.6371	108	43	-1.306653573
15	P	-1.3058	77	4	-4.244817366
15	M	-1.6795	75	None	-6.228818691
15	I	-1.7912	117	None	-6.87036472
15	L	-1.8349	284	2	-7.127777945
15	V	-2.0131	301	1	-8.211650502
15	A	-1.5018	310	8	-5.254155231
15	G	-1.9531	698	3	-7.840151551
15	C	0	None	None	None
15	S	-1.4855	292	8	-5.167855385
15	T	-1.7891	116	None	-6.857980995
15	N	-1.7522	100	None	-6.64385619
15	Q	-1.6304	62	None	-5.95419631
15	D	-1.0533	67	8	-3.044120016
15	E	-1.7869	115	None	-6.845490051
15	H	-1.2907	18	None	-4.169925001
15	K	-1.5145	40	None	-5.321928095
15	R	-1.1188	392	38	-3.344813156
16	*	-1.4124	28	1	-4.785385748
16	F	-0.95	6	None	-2.584962501
16	W	-0.8888	5	None	-2.321928095
16	Y	-0.6302	37	15	-1.280593596
16	P	NS	1	None	None
16	M	-1.4022	27	1	-4.732918328
16	I	-1.3959	26	None	-4.700439718
16	L	-1.7667	106	None	-6.727920455
16	V	-1.1292	224	21	-3.393068325
16	A	-0.6616	126	47	-1.400721898
16	G	-0.9103	330	61	-2.413615702
16	C	-1.3353	21	None	-4.392317423
16	S	-0.6148	45	19	-1.221956409
16	T	-1.2696	17	1	-4.065493667
16	N	-0.4331	24	16	-0.562993326
16	Q	-1.2863	54	3	-4.147955827
16	D	0	None	None	None
16	E	-0.3109	62	55	-0.150867423
16	H	-0.5653	50	24	-1.036924515
16	K	NS	None	None	None
16	R	-1.8227	133	None	-7.055282436
17	*	-0.7609	102	29	-1.792475173
17	F	-1.6856	78	1	-6.263433045
17	W	-1.3071	58	3	-4.25104932
17	Y	-1.4621	33	None	-5.044394119
17	P	-0.1021	41	57	0.497307184
17	M	-0.8551	23	5	-2.179664687
17	I	-1.302	57	3	-4.225958339
17	L	-1.0561	245	29	-3.05668777
17	V	-0.8891	127	25	-2.322859323
17	A	-0.0377	210	332	0.682763088
17	G	-0.0265	349	564	0.714437301
17	C	-1.5804	52	1	-5.678470544
17	S	0	None	None	None
17	T	-0.6652	111	41	-1.414894687
17	N	NS	4	None	None
17	Q	-0.9025	37	7	-2.380129269
17	D	-0.2948	25	23	-0.098325059
17	E	-0.3716	35	27	-0.35242634
17	H	-1.5298	43	1	-5.40429558
17	K	NS	None	None	None
17	R	-0.9889	48	7	-2.755638404
18	*	-1.4316	90	3	-4.884921421
18	F	-0.2058	168	188	0.184240603
18	W	-0.4214	35	24	-0.522351342
18	Y	-0.2265	100	107	0.119579971
18	P	-1.4316	60	2	-4.884921421
18	M	-0.2367	150	157	0.087771233
18	I	-0.2786	87	83	-0.04593489
18	L	-0.4191	132	91	-0.514630305
18	V	0	None	None	None
18	A	0.0006	64	109	0.790153499
18	G	-1.197	333	25	-3.713553003
18	C	-0.6893	78	27	-1.508545542
18	S	-0.1833	178	209	0.253594875
18	T	-0.1931	60	69	0.223603035
18	N	0.2767	9	25	1.495900363
18	Q	0.4829	10	38	1.947968593
18	D	-0.0493	66	102	0.650000397
18	E	NS	None	34	None
18	H	0.4763	17	64	1.934506333
18	K	NS	None	6	None
18	R	-0.2054	50	56	0.185467907
19	*	-1.4887	480	13	-5.184481703
19	F	-1.2211	664	46	-3.829508301
19	W	-1.7908	949	8	-6.868295103
19	Y	-1.1464	282	25	-3.473725988
19	P	-1.0973	337	35	-3.24535259
19	M	-1.7937	360	3	-6.884921421
19	I	-1.403	352	13	-4.737022726
19	L	-1.6701	1101	15	-6.175738984
19	V	-1.737	860	9	-6.556298674
19	A	-0.9868	1165	171	-2.74629255
19	G	-0.922	2666	476	-2.463674127
19	C	-1.1813	1037	82	-3.638679
19	S	0	None	None	None
19	T	-0.9167	215	39	-2.440821456
19	N	-1.1355	98	9	-3.422815668
19	Q	-1.6504	204	3	-6.065493667
19	D	-1.9891	543	2	-8.062839214
19	E	-1.4753	457	13	-5.113641463
19	H	-0.8204	154	37	-2.035364001
19	K	-1.1896	104	8	-3.678470544
19	R	-1.5703	1001	20	-5.62332899
20	*	-1.1935	79	6	-3.696849073
20	F	0.097	102	208	1.04998355
20	W	-0.5183	209	113	-0.865210995
20	Y	0.1132	10	21	1.092358502
20	P	-1.3916	52	2	-4.678470544
20	M	0.0479	102	190	0.919399441
20	I	-0.3469	82	67	-0.26949364
20	L	0.0382	252	461	0.893312191
20	V	0	None	None	None
20	A	0.2686	360	987	1.477022352
20	G	0.2413	3957	10371	1.412045213
20	C	-0.0702	257	381	0.589991813
20	S	0.2224	356	904	1.366414706
20	T	-0.101	89	124	0.500432054
20	N	0.6079	20	90	2.191894176
20	Q	0.0324	63	114	0.877579265
20	D	-0.1968	206	235	0.211985594
20	E	0.3115	193	567	1.576717062
20	H	-0.0216	38	62	0.728237971
20	K	NS	None	None	None
20	R	0.22	550	1391	1.36058807
21	*	-0.8284	247	58	-2.068417062
21	F	-1.2225	87	6	-3.836011821
21	W	0	None	None	None
21	Y	-1.169	85	7	-3.58006684
21	P	-1.6466	66	None	-6.044394119
21	M	-1.5235	84	2	-5.370348248
21	I	-1.5076	39	None	-5.285402219
21	L	-0.9285	257	45	-2.491802279
21	V	-1.5283	171	4	-5.395883341
21	A	-1.8189	266	2	-7.033313261
21	G	-0.802	154	39	-1.959415148
21	C	-0.9973	197	28	-2.792727723
21	S	-1.8066	253	2	-6.9610244
21	T	-1.3064	19	None	-4.247927513
21	N	NS	None	None	None
21	Q	NS	2	None	None
21	D	-1.5339	43	None	-5.426264755
21	E	-1.4449	31	None	-4.95419631
21	H	-1.8386	142	None	-7.14974712
21	K	-1.5339	43	None	-5.426264755
21	R	-0.8539	220	48	-2.174428039
22	*	-1.555	189	4	-5.54027325
22	F	-1.1387	154	14	-3.437462444
22	W	-1.7497	99	None	-6.62935662
22	Y	-1.7582	104	1	-6.678470544
22	P	-1.4422	187	6	-4.939962785
22	M	-0.8837	125	25	-2.299958921
22	I	-0.2266	143	153	0.11948568
22	L	-0.9636	292	46	-2.644293429
22	V	0	None	None	None
22	A	-0.5719	214	101	-1.061286329
22	G	-1.5333	784	18	-5.422815668
22	C	-0.3176	95	83	-0.172847003
22	S	-0.6046	512	222	-1.183614959
22	T	-0.2981	219	200	-0.108961696
22	N	-0.0037	177	299	0.778365298
22	Q	-0.6876	92	32	-1.501592782
22	D	-1.0414	242	30	-2.990003467
22	E	-0.8214	192	46	-2.03943137
22	H	-0.7816	82	22	-1.876151212
22	K	-0.7477	217	64	-1.739582058
22	R	-0.5064	508	283	-0.82205727
23	*	-1.2371	15	None	-3.906890596
23	F	-0.8687	67	14	-2.236765094
23	W	-0.8889	66	13	-2.321985227
23	Y	-1.212	70	5	-3.785385748
23	P	-1.1387	121	11	-3.437462444
23	M	-1.1818	76	6	-3.640995838
23	I	-1.3733	24	None	-4.584962501
23	L	-1.7433	294	3	-6.59274067
23	V	-0.6417	239	94	-1.324308782
23	A	0.3509	16	50	1.665825364
23	G	0	None	None	None
23	C	-0.4867	53	31	-0.75175497
23	S	-0.1686	440	533	0.298601184
23	T	0.0498	23	43	0.924671973
23	N	-0.4304	76	51	-0.553532997
23	Q	-0.7725	109	30	-1.839324555
23	D	-0.1565	33	41	0.33512706
23	E	-0.5443	79	40	-0.959883479
23	H	-0.8226	67	16	-2.044120016
23	K	-1.5006	38	None	-5.247927513
23	R	-0.6407	213	84	-1.320423023
24	*	-1.4449	31	None	-4.95419631
24	F	-1.4347	91	3	-4.900862965
24	W	-0.9838	54	8	-2.732918328
24	Y	-0.7856	49	13	-1.892300952
24	P	-1.5577	47	None	-5.554588852
24	M	-1.4782	35	None	-5.129283017
24	I	-1.3507	45	2	-4.469883922
24	L	-1.863	157	None	-7.294620749
24	V	-1.0504	307	37	-3.030672305
24	A	-0.8607	187	40	-2.202997191
24	G	-0.3658	610	477	-0.332850802
24	C	-0.6243	34	14	-1.258138745
24	S	-0.7209	170	54	-1.63253426
24	T	-0.8675	62	13	-2.231787418
24	N	-0.0842	77	111	0.5495985
24	Q	-1.1567	105	9	-3.522351342
24	D	0	None	None	None
24	E	-0.3182	259	226	-0.174660151
24	H	-0.0493	11	17	0.650000397
24	K	-1.5741	50	None	-5.64385619
24	R	-1.2969	168	9	-4.200423247
25	*	-1.3507	450	20	-4.469883922
25	F	-1.8057	126	1	-6.955310749
25	W	-1.6773	151	2	-6.216435565
25	Y	-1.5519	46	None	-5.523561956
25	P	-1.7721	110	1	-6.759390539
25	M	-0.5923	172	77	-1.13750904
25	I	-1.201	27	2	-3.732918328
25	L	-0.9427	149	25	-2.553343156
25	V	-1.379	174	7	-4.613619399
25	A	-1.4298	149	5	-4.875271251
25	G	-1.7157	439	5	-6.43417986
25	C	-1.6959	80	None	-6.321928095
25	S	-1.3682	335	14	-4.558693189
25	T	-1.1576	117	10	-3.52646745
25	N	-0.7372	135	41	-1.697294418
25	Q	-0.5684	21	10	-1.048420154
25	D	-1.7643	105	None	-6.714245518
25	E	-0.831	266	62	-2.079116951
25	H	-1.6504	68	1	-6.065493667
25	K	0	None	None	None
25	R	-0.0098	239	399	0.761347303
26	*	-1.2909	384	21	-4.170675904
26	F	-0.2253	247	265	0.123450492
26	W	-0.6532	409	156	-1.36858564
26	Y	-0.255	190	191	0.029542394
26	P	-1.162	273	23	-3.547226011
26	M	-0.2437	457	471	0.065502069
26	I	-0.348	335	273	-0.27329097
26	L	-0.4017	1187	853	-0.454733114
26	V	-0.042	803	1259	0.670775565
26	A	-0.2641	814	802	0.000542617
26	G	-0.1994	483	548	0.204121878
26	C	-0.7937	297	77	-1.925563406
26	S	-0.2382	858	895	0.082879209
26	T	0	None	None	None
26	N	-0.3567	576	460	-0.302465776
26	Q	-0.1749	169	202	0.279301221
26	D	-0.8142	417	102	-2.009509057
26	E	-0.228	120	128	0.115078579
26	H	-0.1022	100	139	0.497054057
26	K	-0.0865	352	505	0.542677133
26	R	0.0044	1111	1906	0.800658477
27	*	-1.3347	383	18	-4.389306406
27	F	-0.2938	231	213	-0.095070247
27	W	-0.0535	447	685	0.637798331
27	Y	-0.0806	177	257	0.559988173
27	P	-1.5375	177	4	-5.445636376
27	M	0.005	209	359	0.802450076
27	I	-0.0509	346	533	0.645332669
27	L	-0.0938	766	1083	0.52158612
27	V	0.0822	669	1328	1.011146205
27	A	-0.5776	714	332	-1.082771658
27	G	-1.3957	1477	56	-4.699130014
27	C	-0.5506	309	154	-0.982707313
27	S	-0.1141	673	913	0.46197753
27	T	0	None	None	None
27	N	-0.0023	248	420	0.782018382
27	Q	-0.6381	136	54	-1.310606165
27	D	-1.369	216	9	-4.562993326
27	E	-0.9384	353	60	-2.534664603
27	H	0.3522	114	357	1.668859424
27	K	-0.0097	215	359	0.761616359
27	R	0.0324	923	1670	0.877414724
28	*	NS	None	None	None
28	F	-1.1434	11	None	-3.459431619
28	W	-1.4965	38	1	-5.225958339
28	Y	-0.8921	82	16	-2.33558283
28	P	-0.8065	36	9	-1.978030826
28	M	-1.5741	50	None	-5.64385619
28	I	-1.7759	110	None	-6.781359714
28	L	-1.8245	134	None	-7.06608919
28	V	-1.0482	272	33	-3.021099548
28	A	0	None	None	None
28	G	-0.8353	404	93	-2.097083497
28	C	-1.8599	155	None	-7.276124405
28	S	-1.1716	245	20	-3.59274067
28	T	-0.2381	23	24	0.083369719
28	N	-1.4859	36	None	-5.169925001
28	Q	-1.6175	59	None	-5.882643049
28	D	-1.114	193	19	-3.32256035
28	E	-1.5267	85	2	-5.387421762
28	H	-1.0809	9	None	-3.169925001
28	K	-1.2562	16	None	-4
28	R	-1.6795	75	None	-6.228818691
29	*	-1.4276	207	7	-4.864162861
29	F	-0.0045	220	371	0.775884837
29	W	-0.3991	65	47	-0.445809787
29	Y	-0.153	159	199	0.34571084
29	P	-1.2608	231	14	-4.022424945
29	M	0.3836	70	230	1.738176208
29	I	0.2946	64	183	1.537669013
29	L	-0.0501	549	847	0.647524995
29	V	-0.1146	335	454	0.460500376
29	A	-0.8573	287	62	-2.188741442
29	G	-1.593	491	9	-5.747685039
29	C	-0.4741	58	35	-0.706728804
29	S	-1.071	487	55	-3.124449074
29	T	0	None	None	None
29	N	-1.2423	93	6	-3.932227136
29	Q	-0.4781	231	138	-0.72125541
29	D	-1.7895	118	1	-6.860673875
29	E	-1.0499	116	14	-3.028656899
29	H	-0.4513	58	37	-0.626558455
29	K	-0.1271	184	243	0.423219722
29	R	0.1233	513	1097	1.118501969
30	*	-1.2927	1251	68	-4.179434059
30	F	-1.5104	960	24	-5.299958921
30	W	-1.405	1009	37	-4.747287919
30	Y	-1.5038	898	23	-5.265040504
30	P	-1.9412	885	4	-7.767564471
30	M	-1.6005	842	15	-5.788816653
30	I	-1.871	824	5	-7.342603258
30	L	-1.6764	2107	28	-6.211650502
30	V	-1.4047	1934	71	-4.745655786
30	A	-1.5304	1379	32	-5.407437567
30	G	-1.4769	3112	88	-5.122225552
30	C	-1.6045	912	16	-5.81092084
30	S	-1.4087	2155	78	-4.766100761
30	T	-0.2718	763	739	-0.024139518
30	N	-1.2819	656	37	-4.126129465
30	Q	-1.7509	404	4	-6.636242308
30	D	0	None	None	None
30	E	-1.2813	761	43	-4.123518714
30	H	-1.0976	453	47	-3.246809214
30	K	-1.531	475	11	-5.41038291
30	R	-1.6687	2044	28	-6.167855385
31	*	-1.5812	678	13	-5.682732571
31	F	-0.7374	425	129	-1.698122601
31	W	-0.5982	186	82	-1.159637632
31	Y	-0.7502	198	58	-1.749406451
31	P	-1.6905	159	2	-6.290913781
31	M	0.1474	151	337	1.180169216
31	I	0	None	None	None
31	L	-0.5238	677	361	-0.885187822
31	V	-0.5061	723	403	-0.821246634
31	A	-0.6501	377	145	-1.356542449
31	G	-1.8584	782	5	-7.267127528
31	C	-1.656	278	4	-6.096971898
31	S	-0.1502	533	671	0.354146408
31	T	-0.7903	298	78	-1.911797127
31	N	-0.2733	202	195	-0.028911995
31	Q	-0.3069	105	94	-0.137687492
31	D	-1.3873	128	5	-4.656102731
31	E	-1.8599	155	None	-7.276124405
31	H	-0.3222	266	230	-0.18782321
31	K	-0.1839	168	197	0.251703571
31	R	-0.0171	723	1190	0.740863196
32	*	-1.1918	563	43	-3.688757183
32	F	-1.3256	268	13	-4.343680298
32	W	-1.4892	444	12	-5.187484191
32	Y	-1.7571	102	None	-6.672425342
32	P	-1.8742	334	2	-7.361735118
32	M	-1.0381	503	63	-2.975165492
32	I	-1.6179	360	6	-5.884921421
32	L	-1.5816	888	17	-5.684983851
32	V	-1.3782	818	33	-4.609593739
32	A	-0.7234	653	206	-1.64246948
32	G	-0.738	1383	419	-1.700809833
32	C	-1.9782	259	1	-7.994839113
32	S	-0.3668	887	692	-0.336192892
32	T	-0.2541	408	411	0.032538416
32	N	-0.903	307	58	-2.382144676
32	Q	-0.9144	230	42	-2.431203454
32	D	-1.7087	427	5	-6.39419499
32	E	-0.8573	500	108	-2.188927608
32	H	-0.8222	205	49	-2.042801081
32	K	0	None	None	None
32	R	0.2035	1001	2462	1.320357962
33	*	-1.4669	341	10	-5.06973066
33	F	-1.7469	497	5	-6.613204772
33	W	-1.5703	851	17	-5.623583306
33	Y	-1.8827	173	1	-7.412659053
33	P	-1.8244	272	2	-7.065493667
33	M	-1.2053	178	13	-3.753324539
33	I	-1.6387	195	3	-6.000398639
33	L	-1.9887	542	2	-8.060179867
33	V	-1.4162	1050	37	-4.804751073
33	A	-1.4275	798	27	-4.86338826
33	G	0	None	None	None
33	C	-1.3845	507	20	-4.641944668
33	S	-1.351	901	40	-4.471486027
33	T	-1.7124	260	3	-6.415436138
33	N	-1.4391	339	11	-4.92374067
33	Q	-1.9503	230	1	-7.823520877
33	D	-1.074	438	49	-3.138108041
33	E	-1.465	508	15	-5.059824917
33	H	-1.5952	110	2	-5.759390539
33	K	-1.7285	91	None	-6.50779464
33	R	-1.3895	1161	45	-4.667329986
34	*	-1.1324	194	18	-3.408018666
34	F	-1.7547	101	None	-6.658211483
34	W	-1.3916	208	8	-4.678470544
34	Y	-1.2916	110	6	-4.174428038
34	P	-1.0533	67	8	-3.044120016
34	M	-1.9835	261	None	-8.027905997
34	I	-1.0761	198	22	-3.147955827
34	L	-1.4214	376	13	-4.832179959
34	V	-1.2097	528	38	-3.774497432
34	A	-0.9339	505	87	-2.515226907
34	G	-1.3208	1764	87	-4.319722175
34	C	-1.5104	200	5	-5.299958921
34	S	-1.0405	177	22	-2.986204757
34	T	-0.8355	113	26	-2.09777007
34	N	0.1383	158	347	1.156980279
34	Q	-0.5039	223	125	-0.813146441
34	D	-1.238	443	29	-3.911212719
34	E	-0.8012	390	99	-1.956004519
34	H	-0.2539	129	130	0.033109732
34	K	0	None	None	None
34	R	0.0183	772	1360	0.838903073
35	*	-0.9259	17	3	-2.480531166
35	F	-1.5276	42	None	-5.392317423
35	W	-1.0006	7	None	-2.807354922
35	Y	-1.1139	10	None	-3.321928095
35	P	-0.6036	23	10	-1.179664687
35	M	-1.5035	39	1	-5.263433045
35	I	-0.5842	35	16	-1.107313843
35	L	-1.0809	9	None	-3.169925001
35	V	-0.0463	128	199	0.658593795
35	A	-0.4917	45	26	-0.769444204
35	G	-0.9981	268	38	-2.796192503
35	C	NS	1	None	None
35	S	-0.2038	113	127	0.190474899
35	T	0.2234	46	117	1.368771938
35	N	-0.196	7	8	0.214614252
35	Q	-0.8888	5	None	-2.321928095
35	D	-0.7502	198	58	-1.749406451
35	E	0	None	None	None
35	H	NS	None	None	None
35	K	-0.0408	105	165	0.674045871
35	R	-0.1319	143	187	0.408992297
36	*	-0.2574	19	19	0.021969174
36	F	-1.3664	214	9	-4.549572811
36	W	-1.8487	148	None	-7.209453366
36	Y	-1.7826	113	None	-6.820178962
36	P	-1.9011	184	None	-7.523561956
36	M	-1.5339	43	None	-5.426264755
36	I	-0.6329	77	31	-1.290621056
36	L	-1.4495	160	5	-4.978030826
36	V	0	None	None	None
36	A	-1.1091	310	31	-3.299958921
36	G	-1.6029	623	11	-5.80168756
36	C	-1.8383	144	1	-7.147955827
36	S	-1.8017	124	1	-6.932227136
36	T	-1.17	12	None	-3.584962501
36	N	-1.2225	58	4	-3.836011821
36	Q	-1.5076	39	None	-5.285402219
36	D	-0.5883	42	19	-1.122420735
36	E	-1.9291	207	None	-7.693486958
36	H	-1.7744	111	1	-6.772446692
36	K	-1.6983	82	1	-6.33558283
36	R	-1.2652	268	16	-4.044120016
37	*	-1.477	283	8	-5.122689069
37	F	-0.0149	98	162	0.747109333
37	W	-0.3586	83	66	-0.308676138
37	Y	0.2955	22	63	1.539817479
37	P	-1.5574	143	3	-5.552939662
37	M	0	None	None	None
37	I	-0.0083	89	149	0.765404264
37	L	0.0977	286	584	1.051922396
37	V	0.2412	166	435	1.411801334
37	A	-0.1106	142	194	0.472134897
37	G	-0.6052	261	113	-1.18575786
37	C	-0.5592	160	78	-1.014556702
37	S	-0.0284	159	256	0.709086219
37	T	0.4014	48	162	1.776856676
37	N	NS	1	5	2.343897269
37	Q	0.67	60	292	2.304903138
37	D	0.082	64	127	1.010653861
37	E	0.2201	51	129	1.360771088
37	H	NS	None	None	None
37	K	0.0196	141	249	0.842419754
37	R	-0.0136	245	406	0.750667152
38	*	-1.4537	32	None	-5
38	F	-0.9732	183	28	-2.686375742
38	W	-1.1942	13	None	-3.700439718
38	Y	-1.7804	112	None	-6.807354922
38	P	-1.8334	139	None	-7.118941073
38	M	-1.8334	139	None	-7.118941073
38	I	-0.379	182	138	-0.377301009
38	L	-0.3596	208	165	-0.31214833
38	V	0	None	None	None
38	A	-0.8161	148	36	-2.01755919
38	G	-1.176	348	28	-3.613619399
38	C	-2.0181	303	None	-8.243173983
38	S	-1.8503	149	None	-7.21916852
38	T	NS	None	None	None
38	N	-1.6265	62	1	-5.932227136
38	Q	-1.6895	78	None	-6.285402219
38	D	-0.8809	124	25	-2.288370946
38	E	-1.6959	80	None	-6.321928095
38	H	-1.4065	27	None	-4.754887502
38	K	-1.7201	88	None	-6.459431619
38	R	-1.7721	220	2	-6.759390539
39	*	-1.185	384	30	-3.656102731
39	F	-0.8101	400	99	-1.992530395
39	W	-1.1067	387	39	-3.288818363
39	Y	-1.8698	164	1	-7.33558283
39	P	-1.311	196	10	-4.270812575
39	M	-0.189	175	203	0.23609398
39	I	-0.0808	206	299	0.559470321
39	L	0	None	None	None
39	V	-0.0401	373	587	0.676154047
39	A	-0.5931	338	151	-1.140505523
39	G	-1.825	409	3	-7.069025358
39	C	-0.5019	229	129	-0.806007358
39	S	-1.0261	523	68	-2.921235121
39	T	-2.0199	310	1	-8.254155231
39	N	-1.1213	52	5	-3.356542449
39	Q	-1.6127	294	5	-5.855775076
39	D	-1.0297	70	9	-2.937388841
39	E	-1.7954	119	None	-6.894817763
39	H	-1.5211	41	None	-5.357552005
39	K	-1.9871	265	None	-8.049848549
39	R	-2.0635	375	1	-8.528777611
40	*	-1.7497	99	None	-6.62935662
40	F	-1.7912	117	None	-6.87036472
40	W	-1.3943	105	4	-4.692276343
40	Y	-1.5145	40	None	-5.321928095
40	P	0.0863	21	42	1.021969174
40	M	-1.274	17	None	-4.087462841
40	I	-1.5211	41	None	-5.357552005
40	L	-1.4057	164	6	-4.75062033
40	V	-1.1984	281	21	-3.720139723
40	A	0.0181	247	435	0.838473533
40	G	0	None	None	None
40	C	-0.4774	132	79	-0.718644197
40	S	0.0078	249	430	0.810160092
40	T	-0.1163	97	131	0.455479334
40	N	-0.8837	35	7	-2.299958921
40	Q	-0.1392	59	76	0.387253638
40	D	0.0807	98	194	1.007172172
40	E	-0.2938	90	83	-0.094844491
40	H	-0.5393	39	20	-0.94150495
40	K	NS	None	14	None
40	R	-0.3076	226	202	-0.139998305
41	*	-1.1544	521	45	-3.511317292
41	F	-1.3972	557	21	-4.70724692
41	W	-1.2517	448	28	-3.978030826
41	Y	-0.7917	303	79	-1.917424061
41	P	-1.9214	407	2	-7.64691581
41	M	-1.0833	267	29	-3.180745762
41	I	-1.4022	162	6	-4.732918328
41	L	-1.479	1283	36	-5.133411279
41	V	-1.2419	1161	75	-3.930364392
41	A	-0.9516	557	91	-2.591769703
41	G	-1.3264	1654	80	-4.34784625
41	C	-1.1802	378	30	-3.633382654
41	S	-0.5344	807	419	-0.923649255
41	T	-0.6339	538	216	-1.294605686
41	N	-0.7534	93	27	-1.762302135
41	Q	-0.4016	96	69	-0.45446887
41	D	-0.6684	718	263	-1.42695187
41	E	0	None	None	None
41	H	-0.8508	268	59	-2.161476967
41	K	-0.9972	211	30	-2.792239419
41	R	-1.3554	755	33	-4.493969541
42	*	-1.9125	193	None	-7.592457037
42	F	-0.4548	283	179	-0.638873291
42	W	-1.5061	315	8	-5.277238844
42	Y	-1.2225	116	8	-3.836011821
42	P	-1.7201	88	None	-6.459431619
42	M	-1.0876	56	6	-3.200423247
42	I	-0.1847	211	247	0.249237217
42	L	-0.412	318	223	-0.490013881
42	V	0	None	None	None
42	A	-1.3053	634	33	-4.241975736
42	G	-1.5215	2043	49	-5.35979447
42	C	-1.8124	259	2	-6.994839113
42	S	-1.523	545	13	-5.367703527
42	T	-1.3263	186	9	-4.347264635
42	N	-1.5461	45	None	-5.491853096
42	Q	-1.8599	155	None	-7.276124405
42	D	-1.212	406	29	-3.785385748
42	E	-1.4936	188	5	-5.210691582
42	H	-1.0436	8	None	-3
42	K	NS	4	None	None
42	R	-1.5545	283	6	-5.537726568
43	*	-1.0148	401	54	-2.87060175
43	F	-0.2041	130	146	0.18942592
43	W	0.0144	219	383	0.828382697
43	Y	0.0863	35	70	1.021969174
43	P	-1.0436	8	None	-3
43	M	0.1487	76	170	1.183432597
43	I	-0.031	103	165	0.701790861
43	L	0.0306	244	440	0.87259155
43	V	-0.1648	199	243	0.310157057
43	A	-0.3907	221	163	-0.417205231
43	G	-0.4782	375	224	-0.721422689
43	C	-0.1388	128	165	0.388291389
43	S	0.0459	340	631	0.914074433
43	T	0.1757	58	136	1.25145102
43	N	0	None	None	None
43	Q	-0.1569	58	72	0.333913181
43	D	-0.1021	41	57	0.497307184
43	E	-0.4273	179	121	-0.542983366
43	H	-0.1771	58	69	0.272512636
43	K	-0.1907	122	141	0.230783189
43	R	-0.038	393	621	0.68203313
44	*	-1.4186	458	16	-4.817234614
44	F	0.0857	415	829	1.02022994
44	W	-0.1803	578	683	0.26278526
44	Y	0.0118	277	482	0.821116344
44	P	-1.4741	315	9	-5.107313843
44	M	-0.1707	301	363	0.292175236
44	I	0	None	None	None
44	L	-0.5304	839	440	-0.909198113
44	V	0.1662	800	1845	1.227518085
44	A	-0.5441	377	191	-0.959022711
44	G	-1.7275	1564	17	-6.501592782
44	C	-0.5426	584	297	-0.953536264
44	S	-1.3367	750	35	-4.399494594
44	T	-0.6966	218	74	-1.536761785
44	N	-0.9809	174	26	-2.720534603
44	Q	-1.8263	135	None	-7.076815597
44	D	-1.5035	507	13	-5.263433045
44	E	-1.6687	365	5	-6.167855385
44	H	-0.7403	93	28	-1.709834715
44	K	-1.5235	294	7	-5.370348248
44	R	-1.4825	1119	31	-5.151828836
45	*	-1.5583	287	6	-5.557975252
45	F	-1.7133	87	1	-6.420974322
45	W	-1.781	228	2	-6.81092084
45	Y	-0.7487	85	25	-1.743565572
45	P	-1.4407	93	3	-4.932227136
45	M	-1.2464	110	7	-3.952035617
45	I	-0.8485	185	41	-2.151860282
45	L	-1.1125	283	28	-3.315334146
45	V	-1.3224	367	18	-4.327742077
45	A	-0.3213	457	396	-0.184724561
45	G	0.311	510	1497	1.575474244
45	C	-1.0612	352	41	-3.07991044
45	S	-0.1913	486	561	0.229013631
45	T	-1.1264	296	28	-3.380129269
45	N	0	None	None	None
45	Q	-0.6247	158	65	-1.259443761
45	D	-0.0391	137	216	0.678824594
45	E	-0.2893	277	258	-0.080545736
45	H	-0.5258	98	52	-0.892300952
45	K	-0.8875	177	35	-2.316353359
45	R	-1.2546	614	38	-3.992198158
46	*	-1.8133	130	1	-7.000398639
46	F	-1.7133	87	1	-6.420974322
46	W	-1.4264	29	None	-4.857980995
46	Y	-0.7545	38	11	-1.766526721
46	P	-1.3959	26	None	-4.700439718
46	M	-1.7393	95	None	-6.569855608
46	I	-0.9146	126	23	-2.431748793
46	L	-1.8895	178	1	-7.453764257
46	V	-1.7606	210	2	-6.692276343
46	A	-0.5684	126	60	-1.048420154
46	G	0.2534	322	861	1.440921724
46	C	-1.9049	187	None	-7.54689446
46	S	-0.0331	89	142	0.695982863
46	T	-1.3671	143	6	-4.552939662
46	N	0	None	None	None
46	Q	-0.5875	75	34	-1.119386675
46	D	-0.3423	218	180	-0.254362054
46	E	-0.1602	73	90	0.323997712
46	H	-0.5638	193	93	-1.031329052
46	K	-0.5121	122	67	-0.842678973
46	R	-1.0326	157	20	-2.95072348
47	*	-1.0732	107	12	-3.134535311
47	F	-0.2574	32	32	0.021969174
47	W	NS	3	1	-1.562993326
47	Y	NS	None	None	None
47	P	-0.2242	53	57	0.126938734
47	M	-0.2073	26	29	0.179510451
47	I	-0.4481	14	9	-0.615460746
47	L	-0.3648	111	87	-0.329503196
47	V	-0.1499	127	160	0.355212582
47	A	0.0217	97	172	0.848321087
47	G	-0.8165	391	95	-2.019200015
47	C	-0.4102	71	50	-0.483921755
47	S	0	None	None	None
47	T	-0.2123	87	96	0.163988179
47	N	-0.7442	47	14	-1.725264755
47	Q	NS	3	9	1.606931675
47	D	NS	4	34	3.109432016
47	E	0.5927	34	150	2.163325024
47	H	0.2606	34	92	1.458068289
47	K	-0.2669	48	47	-0.008404475
47	R	0.1361	80	175	1.151252191
48	*	-1.1264	148	14	-3.380129269
48	F	-0.5854	147	67	-1.11161398
48	W	-0.1678	150	182	0.300945124
48	Y	-0.6353	5	2	-1.299958921
48	P	-0.5675	44	21	-1.045145022
48	M	-0.2205	107	116	0.138483183
48	I	-0.2132	158	174	0.161131922
48	L	-0.305	238	214	-0.131381603
48	V	0	None	None	None
48	A	-0.1326	134	175	0.407091096
48	G	-1.0901	922	98	-3.211943922
48	C	-0.406	194	138	-0.469419211
48	S	0.0985	512	1047	1.054014901
48	T	0.6339	23	107	2.239874205
48	N	-0.4092	34	24	-0.480531166
48	Q	-0.0784	24	35	0.566289691
48	D	-0.9983	247	35	-2.79711504
48	E	-0.9153	291	53	-2.434985714
48	H	-0.2242	53	57	0.126938734
48	K	0.0296	90	162	0.869966081
48	R	-0.1667	467	568	0.304437554
49	*	NS	None	None	None
49	F	0	None	None	None
49	W	-0.2574	51	51	0.021969174
49	Y	0.1393	15	33	1.159472698
49	P	-1.4934	37	None	-5.209453366
49	M	-0.3317	13	11	-0.219038925
49	I	-0.7837	30	8	-1.884921421
49	L	-0.4744	68	41	-0.707941662
49	V	-1.2259	44	3	-3.852499944
49	A	-1.6542	69	1	-6.086555282
49	G	-1.8352	140	None	-7.129283017
49	C	-0.8697	24	5	-2.241065232
49	S	-0.6901	110	38	-1.511463026
49	T	-1.5401	44	None	-5.459431619
49	N	NS	None	None	None
49	Q	-1.0809	9	None	-3.169925001
49	D	-1.4621	33	None	-5.044394119
49	E	NS	None	None	None
49	H	-0.324	72	62	-0.193759517
49	K	-1.3486	22	None	-4.459431619
49	R	-1.3054	173	9	-4.242734052
50	*	-1.3349	958	45	-4.390059575
50	F	-0.8726	363	75	-2.253037873
50	W	-1.8262	274	2	-7.076062909
50	Y	-0.2595	219	218	0.015366439
50	P	-1.9603	240	1	-7.884921421
50	M	-1.6298	314	5	-5.95072348
50	I	-1.212	266	19	-3.785385748
50	L	-1.5607	724	15	-5.570986117
50	V	-1.3501	988	44	-4.466966439
50	A	-1.0649	608	70	-3.096675322
50	G	-1.0337	1142	145	-2.955468671
50	C	-1.6347	448	7	-5.978030826
50	S	-0.4584	504	316	-0.651530001
50	T	-0.2302	423	449	0.108026956
50	N	-0.1585	257	318	0.32922758
50	Q	-0.3749	422	323	-0.36373966
50	D	-1.5479	184	4	-5.501592782
50	E	-0.9956	420	60	-2.785385748
50	H	0.368	120	385	1.703793214
50	K	0	None	None	None
50	R	0.0574	1365	2588	0.94490584
51	*	-0.6123	120	51	-1.212496079
51	F	-1.8017	124	1	-6.932227136
51	W	-1.0144	89	12	-2.868801756
51	Y	-1.4264	29	None	-4.857980995
51	P	-1.5976	222	4	-5.772446692
51	M	-1.5401	44	None	-5.459431619
51	I	-1.6983	82	1	-6.33558283
51	L	-1.2467	409	26	-3.95354814
51	V	-1.9291	207	None	-7.693486958
51	A	-1.938	215	None	-7.74819285
51	G	-1.2464	220	14	-3.952035617
51	C	-1.7759	110	None	-6.781359714
51	S	-1.8599	155	None	-7.276124405
51	T	-1.7766	112	1	-6.785385748
51	N	-1.542	45	1	-5.469883922
51	Q	0	None	None	None
51	D	-1.869	161	None	-7.330916878
51	E	-1.5479	138	3	-5.501592782
51	H	-0.8583	130	28	-2.193043717
51	K	-1.1243	63	6	-3.370348248
51	R	-0.7905	409	107	-1.912520872
52	*	-0.9838	54	8	-2.732918328
52	F	-0.4697	182	111	-0.6914096
52	W	0.2075	42	104	1.33009147
52	Y	0	None	None	None
52	P	-1.6829	76	None	-6.247927513
52	M	-0.4382	82	54	-0.580695328
52	I	-1.3443	44	2	-4.437462444
52	L	-0.9055	176	33	-2.393068325
52	V	-1.9322	213	1	-7.712740446
52	A	-1.7606	105	1	-6.692276343
52	G	-1.6361	193	3	-5.985525362
52	C	-0.7276	93	29	-1.659208642
52	S	-1.5718	151	3	-5.631473064
52	T	-1.5632	48	None	-5.584962501
52	N	-0.9449	30	5	-2.562993326
52	Q	-1.5519	46	None	-5.523561956
52	D	-0.3383	6	5	-0.241065232
52	E	-1.4661	34	1	-5.065493667
52	H	-0.5181	61	33	-0.864374044
52	K	-1.5401	44	None	-5.459431619
52	R	-1.021	53	7	-2.898596358
53	*	-1.1567	490	42	-3.522351342
53	F	0	None	None	None
53	W	-1.3081	388	20	-4.256015573
53	Y	-0.8706	77	16	-2.244817366
53	P	-1.2696	136	8	-4.065493667
53	M	-1.9149	198	1	-7.607387446
53	I	-1.083	92	10	-3.179664687
53	L	-0.9983	480	68	-2.79745858
53	V	-1.7314	841	9	-6.524067815
53	A	-1.5211	333	8	-5.357409193
53	G	-1.6332	827	13	-5.969334627
53	C	-1.6091	464	8	-5.836011821
53	S	-1.1941	475	36	-3.699889527
53	T	-1.592	163	3	-5.741796479
53	N	-0.5805	26	12	-1.093508043
53	Q	-1.2562	16	None	-4
53	D	-1.6055	286	5	-5.815974068
53	E	-1.5488	277	6	-5.506810491
53	H	-1.8037	125	1	-6.94381511
53	K	-1.6654	71	None	-6.14974712
53	R	-1.7971	365	3	-6.904820979
54	*	-1.7721	110	1	-6.759390539
54	F	0	None	None	None
54	W	-0.7254	51	16	-1.650456168
54	Y	-0.245	108	111	0.061497538
54	P	-1.5006	38	None	-5.247927513
54	M	-0.4331	36	24	-0.562993326
54	I	-1.2608	99	6	-4.022424945
54	L	-0.4884	400	233	-0.757700871
54	V	-1.0136	296	40	-2.865556096
54	A	-1.7874	117	1	-6.848395545
54	G	-1.847	147	None	-7.199672345
54	C	-1.4621	268	8	-5.044120016
54	S	-0.9356	210	36	-2.522351342
54	T	-1.5741	50	None	-5.64385619
54	N	-1.4358	30	None	-4.906890596
54	Q	NS	None	None	None
54	D	-1.9011	184	None	-7.523561956
54	E	-1.5145	40	None	-5.321928095
54	H	-1.7471	98	None	-6.614709844
54	K	-1.6262	61	None	-5.930737338
54	R	-1.5844	264	5	-5.70049685
55	*	-0.6198	36	15	-1.241065232
55	F	-1.7113	85	None	-6.409390936
55	W	-1.6543	68	None	-6.087462841
55	Y	-1.5992	55	None	-5.781359714
55	P	-1.4065	27	None	-4.754887502
55	M	NS	1	None	None
55	I	-1.1434	11	None	-3.459431619
55	L	-1.9539	230	None	-7.845490051
55	V	-0.8662	114	24	-2.225958339
55	A	-1.083	92	10	-3.179664687
55	G	-0.5319	178	93	-0.914605446
55	C	-1.2165	14	None	-3.807354922
55	S	-1.7229	89	None	-6.475733431
55	T	-0.9489	85	14	-2.58006684
55	N	-1.0006	7	None	-2.807354922
55	Q	-0.356	10	8	-0.299958921
55	D	-0.2574	40	40	0.021969174
55	E	0	None	None	None
55	H	NS	2	1	-0.978030826
55	K	-0.41	44	31	-0.483266134
55	R	-1.3205	81	4	-4.317880829
56	*	-1.4449	31	None	-4.95419631
56	F	-1.201	27	2	-3.732918328
56	W	-1.4362	61	2	-4.908768163
56	Y	-1.1434	11	None	-3.459431619
56	P	-0.9476	127	21	-2.57439809
56	M	-1.6304	62	None	-5.95419631
56	I	0.122	15	32	1.115078579
56	L	-1.0437	195	24	-3.000398639
56	V	-0.7324	169	52	-1.678470544
56	A	-0.8526	347	76	-2.168895165
56	G	-1.1404	354	32	-3.445636376
56	C	-1.2562	16	None	-4
56	S	-0.4418	144	94	-0.593366975
56	T	0	None	None	None
56	N	-1.0436	8	None	-3
56	Q	-1.0819	110	12	-3.174428038
56	D	-1.6175	59	None	-5.882643049
56	E	-1.3733	24	None	-4.584962501
56	H	-1.7759	110	None	-6.781359714
56	K	-1.0651	113	13	-3.09777007
56	R	-1.2724	309	18	-4.079568852
57	*	-0.356	25	20	-0.299958921
57	F	-1.4892	37	1	-5.187484191
57	W	-1.5714	201	4	-5.629082517
57	Y	-1.154	185	16	-3.509412286
57	P	-1.0006	7	None	-2.807354922
57	M	-0.9956	42	6	-2.785385748
57	I	NS	4	6	0.606931675
57	L	-1.8958	180	None	-7.491853096
57	V	-0.9838	54	8	-2.732918328
57	A	-0.562	157	76	-1.024724061
57	G	-1.0999	233	24	-3.25725447
57	C	-1.1896	13	1	-3.678470544
57	S	-0.4764	105	63	-0.71499642
57	T	-0.317	48	42	-0.170675904
57	N	-0.8505	118	26	-2.160234157
57	Q	-0.6835	91	32	-1.485825466
57	D	-1.6262	61	None	-5.930737338
57	E	-0.0945	34	48	0.519468834
57	H	NS	None	None	None
57	K	0	None	None	None
57	R	0.0634	387	742	0.961054795
58	*	-0.1348	10	13	0.400480798
58	F	-1.0533	67	8	-3.044120016
58	W	-0.5864	11	5	-1.115534349
58	Y	0.0254	14	25	0.858470442
58	P	-1.4449	31	None	-4.95419631
58	M	-1.4124	28	1	-4.785385748
58	I	NS	None	None	None
58	L	-1.3443	88	4	-4.437462444
58	V	-1.6304	62	None	-5.95419631
58	A	-1.2165	14	None	-3.807354922
58	G	-0.9558	31	5	-2.610299041
58	C	0	None	None	None
58	S	-0.7591	7	2	-1.785385748
58	T	NS	1	None	None
58	N	NS	None	None	None
58	Q	NS	2	None	None
58	D	-1.6304	62	None	-5.95419631
58	E	-1.2423	31	2	-3.932227136
58	H	-0.95	6	None	-2.584962501
58	K	NS	None	None	None
58	R	-0.7793	100	27	-1.866999513
59	*	-0.5554	65	32	-1.000398639
59	F	-1.0761	27	3	-3.147955827
59	W	-1.742	96	None	-6.584962501
59	Y	NS	None	9	None
59	P	0.1056	56	116	1.072595247
59	M	-0.4174	26	18	-0.508545542
59	I	-0.1983	51	58	0.207524827
59	L	0.0176	133	234	0.837051458
59	V	0.2593	70	189	1.454928582
59	A	1.5428	15	154	3.381865119
59	G	-0.3552	141	113	-0.297403216
59	C	NS	None	None	None
59	S	-0.0249	169	274	0.719121821
59	T	NS	4	22	2.481400793
59	N	NS	None	None	None
59	Q	0.5946	26	115	2.167019507
59	D	-0.8208	25	6	-2.036924515
59	E	-0.0722	128	189	0.584211599
59	H	NS	1	13	3.722408892
59	K	0.3083	13	38	1.56945697
59	R	0	None	None	None
60	*	-1.0006	7	None	-2.807354922
60	F	-0.7032	18	6	-1.562993326
60	W	NS	None	None	None
60	Y	-0.1401	7	9	0.384539254
60	P	0.4579	6	22	1.896438292
60	M	NS	4	29	2.879950169
60	I	-0.6198	12	5	-1.241065232
60	L	-0.2726	121	117	-0.026529343
60	V	-0.0462	137	213	0.658646712
60	A	-0.3177	253	221	-0.173121841
60	G	-0.6937	228	78	-1.525518621
60	C	-0.842	62	14	-2.124872214
60	S	-0.0713	48	71	0.586753793
60	T	0.2816	5	14	1.507396001
60	N	0.1831	8	19	1.269896688
60	Q	0.3509	8	25	1.665825364
60	D	0	None	None	None
60	E	0.1024	101	208	1.06419741
60	H	NS	2	4	1.021969174
60	K	NS	None	7	None
60	R	-0.4523	11	7	-0.630107522
61	*	NS	None	None	None
61	F	-1.4629	42	None	-5.392317423
61	W	-0.9206	29	4	-2.739557449
61	Y	NS	1	5	2.440351641
61	P	0	None	None	None
61	M	-1.5699	63	None	-5.977279924
61	I	NS	2	9	2.288348547
61	L	-0.381	81	49	-0.606716613
61	V	-0.4126	75	42	-0.718077722
61	A	-0.2285	66	57	-0.093080559
61	G	-0.2465	41	34	-0.151665617
61	C	-0.9525	24	3	-2.881576454
61	S	0.0126	80	115	0.641985502
61	T	0.089	9	15	0.85538914
61	N	NS	None	5	None
61	Q	-0.3547	45	29	-0.515448555
61	D	NS	None	12	None
61	E	NS	None	15	None
61	H	0.0342	8	12	0.703386047
61	K	NS	1	6	2.703386047
61	R	-0.0105	59	81	0.575630499
62	*	-1.0107	96	10	-3.14461086
62	F	-0.7578	188	42	-2.043847883
62	W	-0.5138	106	46	-1.085934953
62	Y	-0.4368	91	48	-0.804408594
62	P	-0.0217	111	149	0.5431762
62	M	0.6096	55	213	2.071773453
62	I	0.7272	49	221	2.291616261
62	L	0.1333	243	440	0.974970756
62	V	0.2104	185	385	1.175756721
62	A	-0.1522	453	463	0.149924689
62	G	-0.6756	529	149	-1.709531846
62	C	-0.1556	137	139	0.139332536
62	S	0.1845	317	630	1.109292534
62	T	0	None	None	None
62	N	0.0657	138	220	0.791258803
62	Q	0.1797	34	67	1.097049895
62	D	-0.1265	100	108	0.229454858
62	E	-0.3754	137	84	-0.587291114
62	H	-0.429	106	57	-0.776606895
62	K	-0.0502	90	114	0.459460464
62	R	-0.1067	301	339	0.289945332
63	*	-0.9953	64	7	-3.074221532
63	F	0.2155	10	21	1.188812874
63	W	-0.4407	67	35	-0.818382628
63	Y	-0.3954	113	66	-0.657361297
63	P	0	None	None	None
63	M	-0.1529	49	50	0.147569892
63	I	0.4732	21	67	1.792195314
63	L	-0.2894	318	239	-0.293592601
63	V	0.0507	133	206	0.749641638
63	A	0.4135	81	236	1.661216592
63	G	0.1755	180	352	1.086002068
63	C	-0.1189	41	45	0.252724638
63	S	0.1077	139	240	0.906373069
63	T	-0.1335	219	233	0.207822631
63	N	-0.4837	128	60	-0.974685859
63	Q	-0.1662	115	114	0.105823509
63	D	0.6138	19	74	2.079949398
63	E	-0.2234	95	83	-0.076392631
63	H	1.4196	5	43	3.222760206
63	K	-0.3583	72	46	-0.527939499
63	R	0.1816	175	346	1.101840662
64	*	-1.4629	42	None	-5.392317423
64	F	-0.2052	311	283	-0.017688981
64	W	-0.2098	191	172	-0.032740527
64	Y	-0.1545	118	120	0.142671092
64	P	-0.1004	99	113	0.309245888
64	M	0.0071	109	155	0.626363626
64	I	0.2514	119	266	1.278888218
64	L	0.1623	243	464	1.051592037
64	V	0	None	None	None
64	A	0.1699	203	393	1.071473131
64	G	0.0211	762	1114	0.666309876
64	C	-0.6617	311	91	-1.654552584
64	S	0.079	332	543	0.828192502
64	T	-0.0214	169	227	0.544092597
64	N	0.5567	55	198	1.966420452
64	Q	0.0207	89	130	0.665057928
64	D	0.0769	167	272	0.822182095
64	E	-0.1399	182	191	0.188057734
64	H	-0.3163	136	96	-0.384076795
64	K	0.1127	35	61	0.919877867
64	R	-0.1665	541	536	0.105027953
65	*	-0.9048	76	11	-2.670072349
65	F	-0.8416	120	21	-2.396149627
65	W	-0.5433	102	41	-1.196449791
65	Y	-0.3561	123	79	-0.520310211
65	P	-0.6527	60	18	-1.618542048
65	M	-0.2112	88	79	-0.037227325
65	I	0.041	25	38	0.72249487
65	L	-0.4631	322	159	-0.899610377
65	V	-0.2101	961	865	-0.033412752
65	A	-0.0912	226	263	0.337163573
65	G	-0.0762	738	886	0.382109428
65	C	0.1367	163	297	0.984014512
65	S	-0.0119	317	434	0.571635748
65	T	0.2362	79	172	1.240907552
65	N	0.5368	76	266	1.925778468
65	Q	0.0529	45	70	0.755853467
65	D	0	None	None	None
65	E	-0.3263	264	182	-0.418175933
65	H	-0.2986	140	103	-0.324358944
65	K	0.1001	47	80	0.885762789
65	R	-0.1673	457	452	0.102552153
66	*	-0.963	314	38	-2.92826969
66	F	-0.7258	237	58	-1.912338708
66	W	-1.2528	150	7	-4.303040223
66	Y	-0.6704	147	42	-1.688931376
66	P	-0.4381	175	92	-0.80922561
66	M	-0.951	215	27	-2.874881802
66	I	-1.0499	272	25	-3.325183106
66	L	-1.1358	389	27	-3.730315297
66	V	-0.5549	518	202	-1.240173259
66	A	-0.157	434	439	0.134949443
66	G	0.2102	422	878	1.175401487
66	C	-0.1329	184	196	0.209571434
66	S	0	None	None	None
66	T	-0.2674	258	204	-0.220378368
66	N	0.3133	54	134	1.429625234
66	Q	0.4498	75	231	1.741353897
66	D	-0.2819	136	104	-0.268599577
66	E	-0.6334	427	135	-1.542853117
66	H	-0.4994	131	59	-1.032356406
66	K	-0.1466	87	90	0.167333146
66	R	-0.5182	627	269	-1.102435724
67	*	-1.5983	229	3	-6.135817741
67	F	-1.0626	34	3	-3.384076795
67	W	-1.3937	106	3	-5.024534408
67	Y	-1.0533	121	11	-3.341008073
67	P	-0.934	136	18	-2.799114294
67	M	-1.5527	128	2	-5.881576454
67	I	-0.4232	11	6	-0.756045572
67	L	-1.1493	226	15	-3.794864821
67	V	-0.8612	206	34	-2.48061414
67	A	-0.4124	332	186	-0.717457074
67	G	0	None	None	None
67	C	-0.2237	260	227	-0.07739578
67	S	-0.516	241	104	-1.094026072
67	T	-1.2853	48	2	-4.466538955
67	N	-1.2127	56	3	-4.103968875
67	Q	-0.7182	36	9	-1.881576454
67	D	-0.7652	160	35	-2.074221532
67	E	-1.329	112	4	-4.688931376
67	H	-0.948	71	9	-2.861398572
67	K	-0.691	63	17	-1.771393536
67	R	-1.1545	506	33	-3.820175909
68	*	-1.1063	758	58	-3.589649497
68	F	-1.2836	811	34	-4.457671717
68	W	-1.2096	868	47	-4.088538835
68	Y	-0.9351	523	69	-2.803719134
68	P	-0.9835	652	74	-3.020851243
68	M	-1.2549	518	24	-4.313422241
68	I	-1.4482	518	12	-5.313422241
68	L	-1.4744	1523	32	-5.454276681
68	V	-1.2218	1367	71	-4.148626862
68	A	-1.2858	1250	52	-4.468849116
68	G	-1.4357	2020	49	-5.247006188
68	C	0	None	None	None
68	S	-1.2553	1837	85	-4.315321429
68	T	-1.4001	651	18	-5.058165186
68	N	-1.3265	222	8	-4.67599232
68	Q	-1.5695	478	7	-5.97508834
68	D	-1.5387	546	9	-5.804408594
68	E	-1.3635	602	19	-4.867268617
68	H	-1.3545	276	9	-4.820175909
68	K	-1.4313	365	9	-5.223404106
68	R	-1.2957	2190	88	-4.51885999
69	*	-1.3775	1033	31	-4.940004683
69	F	-0.8529	520	88	-2.444512649
69	W	-1.349	872	29	-4.791779784
69	Y	-0.5668	254	96	-1.28529864
69	P	-1.1377	725	50	-3.739557449
69	M	-0.1641	502	500	0.112664277
69	I	-0.1979	292	270	0.005414584
69	L	-0.4201	1417	779	-0.744720979
69	V	0.0659	1163	1855	0.791991636
69	A	0.2867	763	1811	1.36545513
69	G	-0.8872	1880	287	-2.593186474
69	C	-0.1163	588	649	0.260825869
69	S	-0.1535	1575	1605	0.145645015
69	T	0.2462	627	1389	1.265932797
69	N	-0.6339	418	132	-1.544541467
69	Q	-0.021	401	539	0.545106582
69	D	-1.1591	218	14	-3.842405857
69	E	-0.7344	314	75	-1.947378513
69	H	-0.2721	225	176	-0.235926027
69	K	0.0487	444	685	0.743967857
69	R	0	None	None	None
70	*	-1.3863	344	10	-4.985913114
70	F	-1.3343	371	13	-4.716412113
70	W	-1.3468	537	18	-4.780429731
70	Y	-1.4518	175	4	-5.332787566
70	P	-1.0149	214	22	-3.163611822
70	M	-1.2201	134	7	-4.140310723
70	I	-1.2074	220	12	-4.077973667
70	L	-1.3552	615	20	-4.824090959
70	V	-0.8845	968	149	-2.581271171
70	A	-0.2776	703	543	-0.254148945
70	G	0	None	None	None
70	C	-1.0246	311	31	-3.208150914
70	S	-0.9096	666	95	-2.691099213
70	T	-1.1345	502	35	-3.723836991
70	N	-0.6973	132	35	-1.796687557
70	Q	-1.6281	79	None	-6.303780748
70	D	-1.0747	330	28	-3.440543746
70	E	-1.1763	264	16	-3.925970573
70	H	-0.9592	98	12	-2.911323798
70	K	-1.1097	185	14	-3.605602993
70	R	-1.2904	733	30	-4.492355247
71	*	-1.4309	243	6	-5.221426457
71	F	-0.3885	165	98	-0.633188824
71	W	-1.1508	212	14	-3.802141987
71	Y	-0.0072	89	123	0.58520462
71	P	-1.0388	189	18	-3.273893877
71	M	-0.0028	175	244	0.597949772
71	I	0	None	None	None
71	L	-0.6333	430	136	-1.542306462
71	V	0.2039	521	1072	1.159373174
71	A	-0.5211	479	204	-1.113032958
71	G	-1.2212	711	37	-4.145828838
71	C	-1.193	192	11	-4.007107336
71	S	-0.7969	456	91	-2.206671828
71	T	-0.0928	169	196	0.332253954
71	N	-0.5918	82	29	-1.381147464
71	Q	-1.4038	110	3	-5.077973667
71	D	-1.7889	151	None	-7.238404739
71	E	-1.2873	290	12	-4.476523043
71	H	-1.1124	80	6	-3.618542048
71	K	-1.6258	170	2	-6.29096739
71	R	-1.5418	798	13	-5.821381672
72	*	-1.108	184	14	-3.597783488
72	F	-0.9065	125	18	-2.677435737
72	W	-1.3169	295	11	-4.62671598
72	Y	-0.4554	145	73	-0.871660985
72	P	-1.4579	179	4	-5.365392231
72	M	-1.6228	168	2	-6.273893877
72	I	-1.5971	70	None	-6.129283017
72	L	-1.5141	442	8	-5.669479014
72	V	-1.0321	483	47	-3.242866981
72	A	-0.6788	283	79	-1.722453949
72	G	-1.1709	891	55	-3.899498362
72	C	-1.7983	157	None	-7.294620749
72	S	-0.7462	368	85	-1.995747474
72	T	-1.1325	228	16	-3.714466468
72	N	-0.3618	161	102	-0.54006799
72	Q	-1.0659	126	11	-3.399424759
72	D	0	None	None	None
72	E	-0.7355	252	60	-1.951965782
72	H	-0.5452	25	10	-1.203504549
72	K	-0.8204	102	19	-2.306074283
72	R	-1.3409	555	19	-4.749992902
73	*	-0.7656	357	78	-2.075954499
73	F	-0.5692	221	83	-1.294439582
73	W	-0.5304	178	74	-1.147856519
73	Y	-0.035	75	98	0.5043147
73	P	-0.044	159	204	0.477965933
73	M	-0.2065	97	88	-0.022057678
73	I	-0.4388	181	95	-0.811566733
73	L	-0.3623	452	286	-0.54188408
73	V	0.1649	184	353	1.058385963
73	A	-0.1248	393	426	0.234747664
73	G	0.0868	394	654	0.849518552
73	C	-1.026	262	26	-3.214559738
73	S	0	None	None	None
73	T	0.0957	234	395	0.873767669
73	N	0.0974	124	210	0.878472753
73	Q	-0.1166	136	150	0.259779395
73	D	-0.1001	197	225	0.310152918
73	E	-0.0035	204	284	0.595745323
73	H	0.3816	70	194	1.589053371
73	K	0.4262	104	309	1.689446856
73	R	0.0189	505	735	0.659884408
74	*	-1.0861	367	30	-3.494322111
74	F	-0.2769	53	41	-0.251944904
74	W	-1.1736	327	20	-3.912795185
74	Y	-0.7961	105	21	-2.203504549
74	P	-0.6944	202	54	-1.784900435
74	M	-0.3021	185	135	-0.336142318
74	I	0.188	31	62	1.118423546
74	L	-0.4649	598	294	-0.905905783
74	V	-0.3086	327	235	-0.358206333
74	A	-0.0655	299	367	0.414058125
74	G	-0.3161	640	452	-0.383325587
74	C	-1.5145	166	3	-5.671653385
74	S	0.0528	236	367	0.755416749
74	T	0.6726	67	282	2.191885708
74	N	-0.2572	278	225	-0.186736336
74	Q	0.0365	148	223	0.70987008
74	D	0.0251	150	221	0.677507415
74	E	-0.1016	325	370	0.305509098
74	H	0.1629	34	65	1.053328518
74	K	0	None	None	None
74	R	0.0824	520	856	0.837522719
75	*	-1.351	212	7	-4.802141987
75	F	-0.1199	105	115	0.249668079
75	W	-0.4271	124	67	-0.769683574
75	Y	0.018	117	170	0.657449762
75	P	-1.1133	321	24	-3.623043441
75	M	-0.1622	135	135	0.118423546
75	I	0.5431	47	166	1.938874126
75	L	0.1376	429	783	0.986458206
75	V	0.2189	240	507	1.197374887
75	A	0.2985	171	414	1.394057989
75	G	-0.0698	374	455	0.401251821
75	C	-1.1793	150	9	-3.940470143
75	S	-0.2727	402	314	-0.238007396
75	T	-0.0464	159	203	0.470876508
75	N	0.428	98	292	1.693538261
75	Q	-0.1356	253	268	0.201519162
75	D	0.1933	105	212	1.132098483
75	E	0.2417	111	244	1.254745017
75	H	0	None	None	None
75	K	0.1388	123	225	0.989690232
75	R	-0.007	455	629	0.585617018
76	*	-0.7983	478	95	-2.212587654
76	F	0.0217	261	382	0.667946377
76	W	0	None	None	None
76	Y	0.4325	70	210	1.703386047
76	P	-1.498	208	4	-5.582016172
76	M	0.0003	72	101	0.606710027
76	I	-1.3026	153	6	-4.554001796
76	L	-0.7276	538	131	-1.919615815
76	V	-1.1964	565	32	-4.023683511
76	A	-1.2782	515	22	-4.430573458
76	G	-1.1286	872	62	-3.695564469
76	C	-0.8373	237	42	-2.37800228
76	S	-1.1708	664	41	-3.899063881
76	T	-1.7487	278	2	-7.000517527
76	N	-1.0354	135	13	-3.257952333
76	Q	-1.1412	88	6	-3.756045572
76	D	-0.972	51	6	-2.969039295
76	E	-1.4997	157	3	-5.591234702
76	H	-0.1125	71	79	0.272457175
76	K	-1.0215	149	15	-3.193854379
76	R	-0.7754	612	130	-2.116596484
77	*	-1.3015	127	5	-4.548333046
77	F	-0.6168	130	43	-1.477679512
77	W	-1.1086	158	12	-3.600394702
77	Y	-0.3775	100	61	-0.594695306
77	P	-1.0262	121	12	-3.215477191
77	M	-0.3577	236	151	-0.525814764
77	I	-0.7291	165	40	-1.925970573
77	L	-0.6685	289	83	-1.681462705
77	V	-0.8281	280	51	-2.338434129
77	A	0.0086	169	241	0.630433446
77	G	0.0355	389	585	0.707090015
77	C	-1.6554	88	None	-6.459431619
77	S	-0.1965	442	410	0.010001086
77	T	0.16	132	251	1.04557298
77	N	0	None	None	None
77	Q	0.7342	51	232	2.303979199
77	D	0.1746	168	328	1.083658128
77	E	0.0598	229	361	0.775074785
77	H	-0.601	142	49	-1.416613729
77	K	0.2444	120	265	1.2613815
77	R	-0.1085	426	478	0.284580734
78	*	-1.3476	389	13	-4.784763081
78	F	-1.3697	324	10	-4.899498362
78	W	-1.4467	601	14	-5.305442713
78	Y	-1.3201	217	8	-4.643127687
78	P	-0.876	228	36	-2.544541467
78	M	-1.1479	150	10	-3.78846705
78	I	-1.3333	199	7	-4.710846153
78	L	-1.4262	796	20	-5.19627298
78	V	-1.7363	925	7	-6.927531087
78	A	-0.9876	937	105	-3.039236174
78	G	-1.125	2252	162	-3.678717563
78	C	-1.1899	570	33	-3.992000444
78	S	0	None	None	None
78	T	-0.9432	272	35	-2.839756278
78	N	-0.5549	100	39	-1.240030425
78	Q	-1.6496	86	None	-6.426264755
78	D	-1.9186	283	1	-8.026234697
78	E	-1.3088	417	16	-4.585480028
78	H	-0.4085	99	56	-0.703578152
78	K	-1.7921	153	None	-7.257387843
78	R	-1.4809	829	17	-5.489341904
79	*	-0.8084	399	77	-2.25503485
79	F	0.1155	137	240	0.927282059
79	W	0.0685	136	218	0.799145029
79	Y	0	None	None	None
79	P	-1.3593	156	5	-4.845050578
79	M	0.3529	102	270	1.522813801
79	I	-0.1903	218	205	0.029719321
79	L	0.336	311	801	1.483311208
79	V	0.1517	307	575	1.023746846
79	A	0.3753	289	793	1.574674919
79	G	0.3294	593	1511	1.467823197
79	C	0.5508	114	407	1.954418516
79	S	0.5049	373	1247	1.859637475
79	T	0.3611	233	625	1.541949781
79	N	0.3178	156	390	1.440351641
79	Q	1.2765	31	241	3.077116572
79	D	0.6953	99	429	2.233900763
79	E	0.4362	117	353	1.7115832
79	H	0.5585	64	231	1.970172587
79	K	-0.0769	382	458	0.380198506
79	R	0.386	430	1200	1.599049387
80	*	-1.2115	725	39	-4.09801142
80	F	-1.312	290	11	-4.602053925
80	W	-1.3882	381	11	-4.995792023
80	Y	-0.999	333	36	-3.09102982
80	P	-1.2793	188	8	-4.436165306
80	M	-1.072	222	19	-3.428064807
80	I	-1.1994	339	19	-4.038790404
80	L	-1.8812	965	4	-7.795961586
80	V	-1.4011	726	20	-5.063474097
80	A	-1.596	454	6	-6.123162441
80	G	-1.4932	919	18	-5.555572504
80	C	0	None	None	None
80	S	-1.5182	898	16	-5.692148089
80	T	-1.3483	420	14	-4.78846705
80	N	-1.8088	178	1	-7.357309885
80	Q	-1.786	162	1	-7.221426457
80	D	-1.7408	124	None	-6.95419631
80	E	-1.5672	406	6	-5.961949871
80	H	-1.2074	330	18	-4.077973667
80	K	-1.4326	163	4	-5.230304608
80	R	-1.1706	1149	71	-3.897992417
81	*	-1.3029	919	36	-4.555572504
81	F	-1.446	942	22	-5.301728085
81	W	-1.6442	1188	13	-6.395455857
81	Y	-1.1637	506	32	-3.864570029
81	P	-1.1965	583	33	-4.024534408
81	M	-0.4194	454	250	-0.742340657
81	I	-1.0469	571	53	-3.311002935
81	L	-0.6489	1699	515	-1.603617969
81	V	-1.2484	1794	85	-4.281149693
81	A	0.0372	875	1320	0.711606553
81	G	0.1545	3544	6672	1.031164231
81	C	-1.3476	1077	36	-4.784453987
81	S	0.1709	1525	2958	1.074236356
81	T	0	None	None	None
81	N	-0.2823	496	379	-0.269718726
81	Q	0.0613	303	479	0.779131408
81	D	0.457	596	1856	1.757236021
81	E	0.382	768	2130	1.59009876
81	H	0.2206	412	873	1.201760862
81	K	0.1844	391	777	1.109169537
81	R	0.0037	2035	2874	0.616454813
82	*	-1.6174	329	4	-6.243520228
82	F	-1.5001	262	5	-5.593071361
82	W	-1.1116	133	10	-3.614930795
82	Y	-1.3803	101	3	-4.954825436
82	P	-0.2196	202	178	-0.064054506
82	M	-1.5684	68	1	-5.969039295
82	I	-0.5059	70	31	-1.056663161
82	L	-1.4972	311	6	-5.577384724
82	V	-1.4561	400	9	-5.355507642
82	A	-0.4158	441	245	-0.729573361
82	G	-0.3083	456	328	-0.356914464
82	C	-1.8655	208	None	-7.700439718
82	S	-0.4904	510	235	-0.999412944
82	T	0	None	None	None
82	N	-0.3884	202	120	-0.632897341
82	Q	0.0984	155	263	0.88121813
82	D	-1.0711	268	23	-3.424103689
82	E	-0.6204	229	75	-1.491961552
82	H	-1.4767	96	2	-5.466538955
82	K	-0.8716	150	24	-2.525432644
82	R	-1.4523	526	12	-5.335532943
83	*	-1.5238	172	3	-5.722878708
83	F	-1.585	145	2	-6.061485544
83	W	-1.6332	175	2	-6.332787566
83	Y	-1.6792	105	1	-6.595821972
83	P	-1.1529	305	20	-3.812313792
83	M	-1.297	200	8	-4.525432644
83	I	-0.7397	136	32	-1.969039295
83	L	-1.0138	349	36	-3.158734679
83	V	-1.2274	373	19	-4.176680761
83	A	-0.1682	385	380	0.099564519
83	G	-0.8802	821	128	-2.562814866
83	C	-1.9177	282	1	-8.021127807
83	S	0.1722	376	731	1.07756229
83	T	0	None	None	None
83	N	-0.3163	51	36	-0.384076795
83	Q	NS	1	109	3.835501268
83	D	-1.3597	125	4	-4.847360739
83	E	-0.5348	219	90	-1.164510417
83	H	0.2981	31	75	1.393045926
83	K	-0.0658	75	92	0.413166811
83	R	-0.6323	596	189	-1.53850255
84	*	-1.1008	77	6	-3.563400494
84	F	-1.5486	63	1	-5.858856378
84	W	-1.4876	50	1	-5.525432644
84	Y	-0.5034	83	37	-1.04716252
84	P	-0.2819	119	91	-0.268599577
84	M	-1.5197	52	None	-5.700439718
84	I	-1.0236	10	1	-3.203504549
84	L	-0.337	61	41	-0.454761787
84	V	-1.5808	214	3	-6.03808094
84	A	-0.8921	113	17	-2.614292575
84	G	0.1196	405	715	0.93844488
84	C	-1.0609	124	11	-3.376341146
84	S	0.5432	62	219	1.939014295
84	T	-0.4582	52	26	-0.881576454
84	N	-0.1437	49	51	0.176139044
84	Q	-0.0988	62	71	0.313974355
84	D	-0.1857	20	19	0.044422964
84	E	-0.6013	29	10	-1.417629354
84	H	0	None	None	None
84	K	-0.4843	47	22	-0.976733687
84	R	-0.3518	339	220	-0.505358204
85	*	-1.7983	157	None	-7.294620749
85	F	-1.578	65	None	-6.022367813
85	W	-1.7713	305	2	-7.134241887
85	Y	-1.0451	150	14	-3.303040223
85	P	-0.9347	106	14	-2.802141987
85	M	-1.329	84	3	-4.688931376
85	I	-0.477	86	41	-0.950289204
85	L	-2.0022	407	1	-8.550461438
85	V	-1.313	291	11	-4.607020178
85	A	-0.0195	442	596	0.549689507
85	G	0.449	668	2055	1.739641932
85	C	-1.6197	249	3	-6.256615885
85	S	0.211	479	998	1.177437706
85	T	0	None	None	None
85	N	-0.3709	121	75	-0.571621001
85	Q	-1.0344	176	17	-3.253545231
85	D	-1.41	75	2	-5.110395145
85	E	-1.0196	79	8	-3.185357202
85	H	-0.2701	112	88	-0.229499758
85	K	-0.8388	102	18	-2.384076795
85	R	-1.2598	505	23	-4.338154076
86	*	-1.1272	84	6	-3.688931376
86	F	0	None	None	None
86	W	0.4043	47	135	1.640650291
86	Y	-0.0125	49	67	0.569802892
86	P	-1.1763	33	2	-3.925970573
86	M	NS	None	4	None
86	I	-0.8517	106	18	-2.439571907
86	L	-0.2091	194	175	-0.030278184
86	V	-1.2328	100	5	-4.203504549
86	A	-0.9266	96	13	-2.766099237
86	G	-1.6273	342	4	-6.299428969
86	C	-1.3593	156	5	-4.845050578
86	S	-0.6567	209	62	-1.634739276
86	T	-1.0968	38	3	-3.544541467
86	N	-1.2781	117	5	-4.430013079
86	Q	-1.6344	81	None	-6.339850003
86	D	-0.8242	5	None	-2.321928095
86	E	-1.3222	82	3	-4.654165958
86	H	-0.2719	23	18	-0.235213409
86	K	-1.2966	23	None	-4.523561956
86	R	-0.9903	153	17	-3.051501456
87	*	-1.7447	126	None	-6.977279924
87	F	-0.36	44	28	-0.533653151
87	W	-1.6406	83	None	-6.375039431
87	Y	-1.1053	12	None	-3.584962501
87	P	-1.2566	20	None	-4.321928095
87	M	-0.9789	8	None	-3
87	I	-0.3282	51	35	-0.424718779
87	L	-1.5567	195	3	-5.903944267
87	V	0	None	None	None
87	A	-0.4102	87	49	-0.709810106
87	G	-1.463	228	5	-5.392538373
87	C	-1.4359	38	None	-5.247927513
87	S	-1.3135	53	2	-4.609496909
87	T	-0.9614	74	9	-2.921104818
87	N	-1.3802	31	None	-4.95419631
87	Q	-0.7961	70	14	-2.203504549
87	D	-0.6971	49	13	-1.79584658
87	E	0.2155	10	21	1.188812874
87	H	NS	None	None	None
87	K	-0.9789	8	None	-3
87	R	-1.5572	60	None	-5.906890596
88	*	-1.0319	267	26	-3.241832668
88	F	-1.7769	156	1	-7.166978673
88	W	-0.9475	189	24	-2.858856378
88	Y	-1.709	109	None	-6.768184325
88	P	0.4715	137	436	1.788575788
88	M	-1.0102	230	24	-3.142104004
88	I	-0.7182	16	4	-1.881576454
88	L	-1.342	528	18	-4.756045572
88	V	-1.7729	307	2	-7.143671299
88	A	-0.8002	86	17	-2.220378368
88	G	-1.395	497	14	-5.031323574
88	C	-0.999	185	20	-3.09102982
88	S	-0.6639	306	89	-1.663230866
88	T	-0.9316	330	44	-2.78846705
88	N	0.3026	48	117	1.403825765
88	Q	0.0489	127	196	0.744448703
88	D	-1.1988	178	10	-4.03538179
88	E	-0.9903	297	33	-3.051501456
88	H	-0.8182	32	6	-2.296613953
88	K	0	None	None	None
88	R	-0.0306	644	849	0.517127411
89	*	-0.9903	9	1	-3.051501456
89	F	-0.6872	22	6	-1.756045572
89	W	-1.6148	75	None	-6.228818691
89	Y	-1.493	47	None	-5.554588852
89	P	-0.8209	43	8	-2.307841209
89	M	-0.8853	6	None	-2.584962501
89	I	NS	None	None	None
89	L	-1.0372	94	9	-3.266240304
89	V	-0.8402	239	42	-2.390125839
89	A	0	None	None	None
89	G	-1.0236	210	21	-3.203504549
89	C	-1.0183	59	6	-3.179257003
89	S	-0.969	160	19	-2.955577036
89	T	-0.5936	179	63	-1.388112308
89	N	-1.4692	43	None	-5.426264755
89	Q	-1.0492	10	None	-3.321928095
89	D	-1.2418	19	None	-4.247927513
89	E	-0.2734	109	85	-0.240369843
89	H	-1.3974	33	None	-5.044394119
89	K	-1.5358	60	1	-5.78846705
89	R	-1.9031	244	None	-7.930737338
90	*	-1.0223	239	24	-3.197480761
90	F	-0.4451	60	31	-0.834270739
90	W	-0.8785	134	21	-2.555348222
90	Y	-1.3087	24	None	-4.584962501
90	P	-1.4056	34	None	-5.087462841
90	M	-0.1508	40	41	0.154047456
90	I	-1.4822	49	1	-5.496286298
90	L	0	None	None	None
90	V	-1.2364	162	8	-4.221426457
90	A	-1.9079	249	None	-7.960001932
90	G	-1.5877	293	4	-6.076333309
90	C	-1.3617	29	None	-4.857980995
90	S	-0.7515	189	43	-2.017554124
90	T	-1.4814	45	None	-5.491853096
90	N	NS	4	None	None
90	Q	-1.6044	72	None	-6.169925001
90	D	-1.672	94	None	-6.554588852
90	E	-1.6182	76	None	-6.247927513
90	H	-1.5615	61	None	-5.930737338
90	K	-1.4498	40	None	-5.321928095
90	R	-1.2669	270	12	-4.37342955
91	*	-1.0438	96	9	-3.296613953
91	F	-1.3962	107	3	-5.03808094
91	W	-1.2117	93	5	-4.09880717
91	Y	-0.9378	107	14	-2.815688518
91	P	-1.2551	216	10	-4.314535861
91	M	-1.6973	104	None	-6.700439718
91	I	0.0916	203	340	0.862478565
91	L	-1.8282	386	2	-7.474033491
91	V	0.3909	469	1319	1.610208283
91	A	-0.5367	335	137	-1.171561656
91	G	-1.3558	493	16	-4.82702029
91	C	0.7145	66	293	2.268786281
91	S	-0.8927	333	50	-2.617098631
91	T	0	None	None	None
91	N	-1.0338	155	15	-3.250810264
91	Q	-1.6611	90	None	-6.491853096
91	D	-1.2519	235	11	-4.298661782
91	E	-1.4207	78	2	-5.166978673
91	H	-1.8244	175	None	-7.451211112
91	K	-1.2279	59	3	-4.179257003
91	R	-1.6361	354	4	-6.349182004
92	*	-1.256	195	9	-4.318981766
92	F	3.6854	7	92	3.83463058
92	W	0.1688	251	485	1.068720929
92	Y	-0.0264	88	117	0.529356647
92	P	-1.1053	12	None	-3.584962501
92	M	0	None	None	None
92	I	0.1848	87	173	1.110108278
92	L	0.2494	123	274	1.273941124
92	V	0.3547	174	462	1.527229091
92	A	-0.5408	131	53	-1.187079001
92	G	-1.2671	518	23	-4.374822786
92	C	0.0789	63	103	0.82764415
92	S	0.0004	201	282	0.606923207
92	T	0.4258	99	294	1.688739271
92	N	NS	None	None	None
92	Q	-0.1674	89	88	0.102121734
92	D	NS	None	98	None
92	E	-0.3275	32	22	-0.422144835
92	H	-0.0429	21	27	0.480993625
92	K	-0.4194	69	38	-0.742173397
92	R	-0.8082	461	89	-2.254465964
93	*	-1.7998	158	None	-7.303780748
93	F	-0.0838	88	104	0.359431645
93	W	-0.2346	54	46	-0.112902
93	Y	-0.2966	161	119	-0.317675569
93	P	-1.5858	67	None	-6.06608919
93	M	-0.5764	38	14	-1.322149045
93	I	-0.0375	20	26	0.496935169
93	L	-0.1082	171	192	0.285533532
93	V	0.1344	178	323	0.97808047
93	A	-0.2836	214	163	-0.274315286
93	G	-1.0275	486	48	-3.221426457
93	C	-0.7621	145	32	-2.061485544
93	S	-0.214	130	116	-0.045963272
93	T	-0.7155	127	32	-1.870261141
93	N	-0.2794	65	50	-0.260088077
93	Q	0.1121	27	47	0.918124895
93	D	0	None	None	None
93	E	0.7822	28	135	2.387884221
93	H	-0.0007	15	21	0.603850373
93	K	-0.7898	108	22	-2.177032338
93	R	-0.5382	162	66	-1.177032338
94	*	-1.6038	78	1	-6.166978673
94	F	-1.389	32	None	-5
94	W	-0.9903	45	5	-3.051501456
94	Y	-0.7327	25	6	-1.940470143
94	P	-1.5759	70	1	-6.010859471
94	M	-0.4582	12	6	-0.881576454
94	I	-1.4929	51	1	-5.554001796
94	L	-0.6664	45	13	-1.672989832
94	V	-0.3024	96	70	-0.337255938
94	A	-0.0234	77	103	0.538137532
94	G	0	None	None	None
94	C	-0.7991	116	23	-2.215995493
94	S	-0.2577	94	76	-0.188237792
94	T	-0.7673	23	5	-2.083210315
94	N	0.6127	9	35	2.077781561
94	Q	NS	2	16	3.118423546
94	D	0.1015	109	186	0.889398032
94	E	0.3015	30	73	1.401357509
94	H	NS	None	21	None
94	K	NS	None	55	None
94	R	-0.4662	200	98	-0.9107228
95	*	-0.9582	171	21	-2.907111546
95	F	-0.5675	167	63	-1.288000823
95	W	-0.1537	107	109	0.145140884
95	Y	-0.1428	70	73	0.178965088
95	P	-0.3364	104	70	-0.452733155
95	M	NS	2	73	3.835501268
95	I	-0.0391	98	127	0.492398389
95	L	0.0574	123	193	0.768366078
95	V	0.0768	253	412	0.821930498
95	A	0.0628	152	241	0.783385369
95	G	0.404	317	910	1.639807251
95	C	-0.4812	106	50	-0.965640719
95	S	-0.0363	254	331	0.500426266
95	T	0.005	113	160	0.620172678
95	N	0.7098	46	203	2.260197507
95	Q	-0.2056	55	50	-0.019079978
95	D	0.9966	34	207	2.724447662
95	E	0.1721	89	173	1.077318343
95	H	-0.2944	70	52	-0.310419753
95	K	0	None	None	None
95	R	0.2758	109	254	1.338923908
96	*	-0.573	78	29	-1.308997678
96	F	-0.7645	73	16	-2.071401013
96	W	-1.5291	117	2	-5.751941174
96	Y	NS	2	20	3.440351641
96	P	-0.811	47	9	-2.266240304
96	M	0.3178	22	55	1.440351641
96	I	-0.4785	40	19	-0.955577036
96	L	-0.0228	112	150	0.539887314
96	V	-0.0795	182	217	0.372180138
96	A	-0.0143	80	109	0.564679776
96	G	-0.3883	414	246	-0.632548906
96	C	-0.7415	94	22	-1.976733687
96	S	0.3908	117	329	1.6100026
96	T	0.1023	55	94	0.891652684
96	N	1.8915	8	87	3.561367042
96	Q	0	None	None	None
96	D	0.3333	62	159	1.477110191
96	E	0.2208	92	195	1.202191904
96	H	-0.4403	197	103	-0.817127746
96	K	-0.1506	157	161	0.154719675
96	R	-0.0771	252	302	0.379548362
97	*	-1.5759	70	1	-6.010859471
97	F	-1.4804	146	3	-5.486438512
97	W	-1.4408	84	2	-5.273893877
97	Y	-1.2279	59	3	-4.179257003
97	P	-0.3032	180	131	-0.340006549
97	M	0.2982	50	121	1.393430593
97	I	0.5795	60	223	2.01243285
97	L	0.0406	293	445	0.721328217
97	V	0.3706	409	1114	1.56400003
97	A	0	None	None	None
97	G	-1.153	595	39	-3.812920093
97	C	-0.6139	195	65	-1.466538955
97	S	-0.95	373	47	-2.870019423
97	T	-0.3378	155	104	-0.457261141
97	N	-1.7286	118	None	-6.882643049
97	Q	-1.2912	49	2	-4.496286298
97	D	-0.8504	88	15	-2.434117477
97	E	-1.6997	105	None	-6.714245518
97	H	-1.2839	22	None	-4.459431619
97	K	NS	1	None	None
97	R	-1.5796	284	4	-6.031323574
98	*	-1.767	138	None	-7.108524457
98	F	-1.702	106	None	-6.727920455
98	W	-1.0644	114	10	-3.392538373
98	Y	-1.6693	93	None	-6.539158811
98	P	-1.5031	106	2	-5.609496909
98	M	-0.2444	48	40	-0.14461086
98	I	-0.9431	101	13	-2.839348219
98	L	-0.7975	246	49	-2.209381115
98	V	-0.3513	391	254	-0.503916565
98	A	0	None	None	None
98	G	-0.1458	166	172	0.169648869
98	C	-0.8044	169	33	-2.238061771
98	S	0.0295	109	162	0.690089224
98	T	-0.5996	153	53	-1.411043842
98	N	-0.9858	71	8	-3.031323574
98	Q	-0.1622	17	17	0.118423546
98	D	NS	2	65	3.835501268
98	E	-0.4058	144	82	-0.693949451
98	H	-1.7388	123	None	-6.942514505
98	K	0.5247	25	86	1.900832111
98	R	-0.226	236	205	-0.084739404
99	*	-0.6924	253	68	-1.777107188
99	F	-1.1577	186	12	-3.835772764
99	W	0	None	None	None
99	Y	-1.2304	119	6	-4.191431717
99	P	-1.4321	122	3	-5.227351291
99	M	-0.9885	179	20	-3.043464136
99	I	-1.8141	182	1	-7.389371094
99	L	-0.9715	314	37	-2.966743837
99	V	-1.3778	467	14	-4.941500272
99	A	-1.704	232	2	-6.739557449
99	G	-1.5437	804	13	-5.832188427
99	C	-0.8299	265	48	-2.346462503
99	S	-1.3956	605	17	-5.034904945
99	T	-1.4013	109	3	-5.064798278
99	N	-1.4822	49	1	-5.496286298
99	Q	-1.6747	95	None	-6.569855608
99	D	-1.5094	50	None	-5.64385619
99	E	-1.8073	163	None	-7.348728154
99	H	-1.0603	90	8	-3.37342955
99	K	-1.8338	182	None	-7.50779464
99	R	-0.9889	475	53	-3.045439703
100	*	-1.0662	367	32	-3.401212707
100	F	-0.972	170	20	-2.969039295
100	W	-1.6975	339	3	-6.701755417
100	Y	-1.7265	117	None	-6.87036472
100	P	-1.8203	172	None	-7.426264755
100	M	-1.8615	222	1	-7.67599232
100	I	-0.923	168	23	-2.750331921
100	L	-1.2438	457	22	-4.258195191
100	V	-1.7845	644	4	-7.212493332
100	A	-0.8373	158	28	-2.37800228
100	G	-0.9889	699	78	-3.045322881
100	C	-1.3126	317	12	-4.604952984
100	S	-0.3222	691	481	-0.404225271
100	T	-0.5818	413	150	-1.342755735
100	N	-0.2805	159	122	-0.263722072
100	Q	-1.3081	52	2	-4.582016172
100	D	-1.0481	119	11	-3.316962599
100	E	-1.7721	153	1	-7.138964297
100	H	-1.5297	54	None	-5.754887502
100	K	-0.205	212	193	-0.017039871
100	R	0	None	None	None
101	*	-1.2346	161	8	-4.212493332
101	F	0	None	None	None
101	W	0.1121	220	383	0.918264414
101	Y	0.3	96	233	1.39764719
101	P	-0.9478	134	17	-2.860202803
101	M	-0.399	152	88	-0.670072349
101	I	-0.7567	58	13	-2.039117731
101	L	-0.7055	220	57	-1.830046153
101	V	-1.104	454	35	-3.578841924
101	A	-0.0828	179	212	0.362528223
101	G	-1.1365	361	25	-3.733575291
101	C	-0.9687	143	17	-2.95398495
101	S	0.5526	214	766	1.958157141
101	T	-0.0838	44	52	0.359431645
101	N	1.5337	9	83	3.323537976
101	Q	-0.7307	29	7	-1.932202527
101	D	-0.021	244	328	0.545238213
101	E	-1.0533	99	9	-3.341008073
101	H	-0.1948	29	27	0.015330053
101	K	-1.4594	45	1	-5.37342955
101	R	-1.6438	365	4	-6.393329108
102	*	-1.1944	228	13	-4.01402675
102	F	-0.9631	124	15	-2.928882169
102	W	-1.8379	201	1	-7.532628145
102	Y	-1.7524	130	None	-7.022367813
102	P	-1.2836	167	7	-4.457925825
102	M	-1.2578	218	10	-4.327832684
102	I	0	None	None	None
102	L	-1.2853	408	17	-4.466538955
102	V	-0.6325	508	161	-1.539344263
102	A	-1.3944	248	7	-5.028417842
102	G	-1.602	697	9	-6.156666299
102	C	-1.2989	302	12	-4.535018693
102	S	-1.4842	395	8	-5.507285297
102	T	-1.1521	289	19	-3.808574623
102	N	-0.9903	108	12	-3.051501456
102	Q	-1.498	52	1	-5.582016172
102	D	-1.1695	129	8	-3.89280371
102	E	-1.2288	217	11	-4.183696068
102	H	-1.702	106	None	-6.727920455
102	K	-1.4365	124	3	-5.250810264
102	R	-1.1813	453	27	-3.950056192
103	*	-0.5419	57	23	-1.190904512
103	F	-1.2261	18	None	-4.169925001
103	W	-0.7182	44	11	-1.881576454
103	Y	-1.2094	17	None	-4.087462841
103	P	-1.4814	45	None	-5.491853096
103	M	-1.3483	60	2	-4.78846705
103	I	-0.4812	53	25	-0.965640719
103	L	-1.7967	156	None	-7.285402219
103	V	-1.7408	124	None	-6.95419631
103	A	-0.526	88	37	-1.131554707
103	G	-0.6779	268	75	-1.718846954
103	C	NS	None	1	None
103	S	-0.4523	203	103	-0.860411844
103	T	-0.1131	9	10	0.270426639
103	N	-1.4498	40	None	-5.321928095
103	Q	-0.0162	14	19	0.558996137
103	D	-0.2903	8	6	-0.296613953
103	E	-1.2328	20	1	-4.203504549
103	H	-1.3087	24	None	-4.584962501
103	K	-0.1323	60	64	0.21153295
103	R	0	None	None	None
104	*	-1.0662	367	32	-3.401212707
104	F	-1.1385	189	13	-3.74337916
104	W	-1.5567	455	7	-5.903944267
104	Y	-1.7348	121	None	-6.918863237
104	P	-1.4336	409	10	-5.235605392
104	M	-0.4412	276	144	-0.820175909
104	I	0	None	None	None
104	L	0.2886	635	1512	1.370053188
104	V	-0.1882	942	890	0.036501822
104	A	-1.259	613	28	-4.333964796
104	G	-1.3866	1033	30	-4.987310397
104	C	-1.2524	107	5	-4.301115346
104	S	-1.249	719	34	-4.283961573
104	T	-0.8943	261	39	-2.624080232
104	N	-1.0263	232	23	-3.215995493
104	Q	-1.4136	114	3	-5.129503968
104	D	-1.3684	258	8	-4.89280371
104	E	-1.7845	322	2	-7.212493332
104	H	-1.2435	83	4	-4.256615885
104	K	-1.4303	202	5	-5.217859842
104	R	-1.6135	729	9	-6.221426457
105	*	-1.0007	186	20	-3.09880717
105	F	-1.4876	200	4	-5.525432644
105	W	-1.3256	166	6	-4.671653385
105	Y	-0.9677	109	13	-2.949321061
105	P	0.5171	154	524	1.885060007
105	M	-1.5358	60	1	-5.78846705
105	I	-1.5658	62	None	-5.95419631
105	L	-1.497	259	5	-5.576456647
105	V	-1.0344	383	37	-3.25332367
105	A	-0.4528	371	188	-0.862262979
105	G	-0.5538	767	300	-1.235840531
105	C	-0.2995	79	58	-0.327376207
105	S	-0.611	515	173	-1.455376849
105	T	-0.5895	163	58	-1.372323613
105	N	0.8379	28	144	2.480993625
105	Q	0.2624	72	164	1.306050549
105	D	0	None	None	None
105	E	-0.0706	149	181	0.399100913
105	H	-0.8427	86	15	-2.400950613
105	K	-0.2774	44	34	-0.253545231
105	R	-0.453	306	155	-0.862839892
106	*	-1.0541	386	35	-3.344750474
106	F	-1.5859	291	4	-6.066451797
106	W	-1.5212	227	4	-5.708124941
106	Y	-1.8877	248	1	-7.835772764
106	P	-1.0218	537	54	-3.19546723
106	M	-1.5672	406	6	-5.961949871
106	I	-0.656	259	77	-1.631598201
106	L	-1.7599	1164	8	-7.066451797
106	V	-0.4531	776	393	-0.863103794
106	A	0.2074	996	2062	1.168250231
106	G	0.2709	1096	2533	1.327022825
106	C	-0.2314	275	236	-0.102221213
106	S	0.0051	1379	1953	0.620493038
106	T	0	None	None	None
106	N	0.2323	332	718	1.231224148
106	Q	-1.5291	351	6	-5.751941174
106	D	-1.3069	466	18	-4.575837597
106	E	-1.6827	426	4	-6.616286074
106	H	-1.4549	177	4	-5.349182004
106	K	-1.3557	308	10	-4.8264349
106	R	-1.5461	1186	19	-5.845537235
107	*	-1.2255	390	20	-4.166978673
107	F	-1.6258	170	2	-6.29096739
107	W	-1.6298	259	3	-6.313422241
107	Y	-1.8626	223	1	-7.682476354
107	P	-1.3344	314	11	-4.716765584
107	M	-1.7166	122	1	-6.812313792
107	I	-1.7856	149	None	-7.21916852
107	L	-1.2873	435	18	-4.476523043
107	V	-1.0948	667	53	-3.535198951
107	A	0	None	None	None
107	G	-0.0256	1001	1333	0.531658352
107	C	-1.4549	354	8	-5.349182004
107	S	-0.7344	582	139	-1.947510724
107	T	-0.8868	229	35	-2.591497225
107	N	-0.9463	102	13	-2.853562078
107	Q	-1.574	64	None	-6
107	D	-0.9312	352	47	-2.786419221
107	E	-0.9957	119	13	-3.075954499
107	H	-1.6669	200	2	-6.525432644
107	K	-1.1232	152	11	-3.670072349
107	R	-1.5299	528	9	-5.756045572
108	*	-1.0621	215	19	-3.38184179
108	F	-1.4295	282	7	-5.213772884
108	W	-1.4128	341	9	-5.125279382
108	Y	-1.0156	156	16	-3.166978673
108	P	-1.8527	197	None	-7.622051819
108	M	-1.7607	146	1	-7.071401013
108	I	-1.4767	144	3	-5.466538955
108	L	-1.2814	568	24	-4.446361073
108	V	-1.4564	445	10	-5.357309885
108	A	-1.7513	281	2	-7.016002774
108	G	-1.1624	677	43	-3.858323723
108	C	0	None	None	None
108	S	-1.1881	412	24	-3.983114481
108	T	-1.7307	119	None	-6.894817763
108	N	-1.058	67	6	-3.362703144
108	Q	-1.6215	77	None	-6.266786541
108	D	-1.704	116	1	-6.739557449
108	E	-1.6768	104	1	-6.582016172
108	H	-1.0533	33	3	-3.341008073
108	K	-1.6669	100	1	-6.525432644
108	R	-0.9987	536	58	-3.089684649
109	*	-0.9654	333	40	-2.939026726
109	F	-1.0269	475	47	-3.218771306
109	W	-1.3495	241	8	-4.79446579
109	Y	-1.2217	154	8	-4.148362995
109	P	-1.321	517	19	-4.647669411
109	M	-0.5224	384	163	-1.117810801
109	I	-0.3051	385	279	-0.346169778
109	L	-0.5666	825	312	-1.284424544
109	V	0	None	None	None
109	A	-0.032	988	1299	0.51324203
109	G	0.2714	815	1885	1.328116105
109	C	-1.2945	347	14	-4.513013385
109	S	0.2507	856	1911	1.277068622
109	T	0.0583	523	822	0.770750993
109	N	0.686	124	531	2.216795286
109	Q	0.2564	216	487	1.291314006
109	D	0.34	400	1037	1.492767535
109	E	0.2901	426	1017	1.37381789
109	H	-0.3307	362	247	-0.43305511
109	K	-0.4773	254	121	-0.951397904
109	R	-1.3932	1023	29	-5.022185889
110	*	-0.711	145	37	-1.852032178
110	F	-1.2117	279	15	-4.09880717
110	W	-1.4172	308	8	-5.148362995
110	Y	-1.0502	196	18	-3.326361297
110	P	-1.4356	206	5	-5.246148886
110	M	-1.444	85	2	-5.29096739
110	I	-1.069	81	7	-3.414071535
110	L	-1.4632	502	11	-5.393688389
110	V	-1.5607	462	7	-5.925970573
110	A	-1.8943	235	None	-7.876516947
110	G	-1.1246	347	25	-3.676512117
110	C	0	None	None	None
110	S	-1.2226	251	13	-4.15268029
110	T	-1.6693	93	None	-6.539158811
110	N	-0.9388	69	9	-2.820175909
110	Q	-0.8818	58	9	-2.569632448
110	D	-1.6215	77	None	-6.266786541
110	E	-1.3831	68	2	-4.969039295
110	H	-1.1047	91	7	-3.582016172
110	K	-1.3087	24	None	-4.584962501
110	R	-1.017	568	58	-3.173342578
111	*	-1.1357	216	15	-3.729573361
111	F	-0.2746	99	77	-0.244146533
111	W	-1.2957	224	9	-4.519006375
111	Y	-0.4888	201	93	-0.993469334
111	P	-1.8903	231	None	-7.851749041
111	M	0.2094	129	268	1.173285481
111	I	0.046	144	221	0.736401104
111	L	0.3673	220	596	1.556232353
111	V	0	None	None	None
111	A	0.4059	265	763	1.644114243
111	G	0.4498	547	1685	1.741559399
111	C	0.1957	109	221	1.138141781
111	S	0.456	256	796	1.755048166
111	T	1.507	50	454	3.301115843
111	N	0.0998	204	347	0.884790057
111	Q	0.2752	125	291	1.337514604
111	D	0.2375	203	443	1.244250517
111	E	0.3536	163	432	1.524582894
111	H	0.3312	45	115	1.472060501
111	K	0.2368	78	170	1.242412263
111	R	0.1237	434	772	0.949329351
112	*	-0.7918	158	32	-2.185357202
112	F	-0.7631	259	57	-2.065494728
112	W	-1.1591	109	7	-3.842405857
112	Y	-1.0481	119	11	-3.316962599
112	P	-1.5192	169	3	-5.69749339
112	M	-0.1732	127	124	0.08393517
112	I	0.1371	68	124	0.985157015
112	L	0	None	None	None
112	V	0.3771	250	688	1.578904016
112	A	0.4031	90	258	1.637797705
112	G	0.1815	218	431	1.10178328
112	C	0.4834	138	447	1.81403011
112	S	0.3595	228	610	1.538198964
112	T	-0.2273	291	252	-0.089171874
112	N	-1.0074	57	6	-3.129503968
112	Q	-0.1417	44	46	0.182553883
112	D	-0.9826	123	14	-3.016736037
112	E	-1.2893	73	3	-4.486438512
112	H	-0.3697	37	23	-0.567467864
112	K	-0.3646	116	73	-0.54973289
112	R	-0.4412	184	96	-0.820175909
113	*	-0.9306	157	21	-2.78387978
113	F	-0.6712	214	61	-1.692306103
113	W	-1.5006	210	4	-5.595821972
113	Y	-0.332	147	100	-0.437392609
113	P	-0.8724	213	34	-2.528823233
113	M	-0.5934	159	56	-1.387104487
113	I	-0.7785	57	12	-2.129503968
113	L	-0.9108	570	81	-2.69654456
113	V	-0.4481	429	220	-0.845050578
113	A	-0.1442	678	705	0.17476153
113	G	0.309	302	744	1.419177618
113	C	-0.6155	235	78	-1.472691182
113	S	0	None	None	None
113	T	-0.316	378	267	-0.383122947
113	N	0.2191	141	298	1.198040714
113	Q	-0.0609	138	171	0.427751604
113	D	0.166	206	396	1.061279639
113	E	0.1537	175	329	1.029156208
113	H	0.114	162	283	0.923231786
113	K	0.2803	112	263	1.349987613
113	R	0.098	463	785	0.880104006
114	*	-1.0342	300	29	-3.252414149
114	F	-0.6564	394	117	-1.633263554
114	W	-0.4604	177	88	-0.889750386
114	Y	-0.5065	407	180	-1.058608342
114	P	0.1523	208	390	1.025314142
114	M	-0.3328	327	222	-0.440307413
114	I	-0.2642	172	137	-0.209809126
114	L	-0.3567	488	313	-0.522294945
114	V	-0.4751	622	298	-0.943178704
114	A	0.0772	316	515	0.82307142
114	G	-0.1333	683	727	0.208493332
114	C	-0.6534	344	103	-1.621340682
114	S	0.3121	464	1149	1.426605633
114	T	-0.061	343	425	0.427677811
114	N	0.144	98	181	1.003559589
114	Q	1.0447	29	185	2.791824011
114	D	-0.2179	277	245	-0.058680681
114	E	0.2273	153	328	1.218587708
114	H	0.0576	151	237	0.768762055
114	K	-0.0331	231	303	0.509848488
114	R	0	None	None	None
115	*	-1.0118	183	19	-3.149348779
115	F	-0.6091	154	52	-1.447923277
115	W	-0.8114	183	35	-2.267993275
115	Y	-0.4517	61	31	-0.858117481
115	P	-0.7551	302	68	-2.032518352
115	M	-0.5906	217	77	-1.376341146
115	I	-0.1245	248	269	0.235689598
115	L	-0.0906	339	395	0.338990926
115	V	-0.3753	587	360	-0.586940051
115	A	-0.2333	378	323	-0.108428524
115	G	-0.682	712	197	-1.735258066
115	C	-1.6365	266	3	-6.351896389
115	S	-0.2783	511	394	-0.256704116
115	T	-0.4148	404	225	-0.726006746
115	N	-0.4746	321	154	-0.941219401
115	Q	-0.493	225	103	-1.008857118
115	D	-0.6401	306	95	-1.569108688
115	E	-0.2053	177	161	-0.018265126
115	H	-0.221	189	166	-0.068779447
115	K	0	None	None	None
115	R	-0.1211	768	839	0.245988046
116	*	-1.264	245	11	-4.358782774
116	F	-0.1826	161	154	0.054293208
116	W	-0.3619	431	273	-0.540363372
116	Y	-0.086	187	220	0.3528888
116	P	-0.2482	575	475	-0.157210897
116	M	-0.0084	235	324	0.581756602
116	I	0.7843	54	261	2.39144204
116	L	-0.099	601	688	0.31346712
116	V	-0.0021	770	1075	0.599829855
116	A	0	None	None	None
116	G	-0.0759	1132	1360	0.383156239
116	C	-1.2709	251	11	-4.393688389
116	S	0.0622	665	1053	0.781502737
116	T	0.0655	411	655	0.790780059
116	N	0.311	142	351	1.424003647
116	Q	-0.025	315	420	0.533461045
116	D	0.1272	310	555	0.958643102
116	E	0.1731	284	553	1.079812097
116	H	0.0776	263	429	0.824338394
116	K	-0.0946	341	394	0.326847436
116	R	-0.0876	870	1020	0.347905392
117	*	-1.9194	284	1	-8.031323574
117	F	-0.6355	229	72	-1.550855241
117	W	-0.8025	382	75	-2.230186592
117	Y	-0.4837	96	45	-0.974685858
117	P	0.0793	264	432	0.828916929
117	M	-0.1122	97	108	0.273398206
117	I	-0.3355	169	114	-0.449565876
117	L	-0.6009	423	146	-1.416265748
117	V	-0.444	695	360	-0.830592525
117	A	-0.1012	595	678	0.306819151
117	G	0	None	None	None
117	C	-0.6469	315	96	-1.595821972
117	S	0.0732	520	841	0.812017723
117	T	0.0465	345	530	0.737819544
117	N	-0.0129	142	194	0.568589269
117	Q	0.3904	58	163	1.609170705
117	D	0.5161	171	581	1.882965384
117	E	0.1867	224	447	1.115199645
117	H	-0.4563	219	110	-0.8750038
117	K	-0.0273	110	146	0.526888391
117	R	-0.2452	695	578	-0.147519939
118	*	-0.999	333	36	-3.09102982
118	F	0.0705	243	391	0.80463584
118	W	-0.0379	445	578	0.495687703
118	Y	0.2977	134	324	1.392184358
118	P	0.0686	441	707	0.799355105
118	M	0.3817	149	413	1.589252997
118	I	-0.0784	282	337	0.375476975
118	L	0.1173	661	1162	0.932311438
118	V	0.1472	618	1148	1.011867445
118	A	0.177	563	1104	1.089956891
118	G	0.1167	1179	2070	0.930490595
118	C	-0.9958	467	51	-3.076429852
118	S	0.0364	940	1416	0.709512149
118	T	0.0482	351	541	0.742581109
118	N	0.1314	174	314	0.970100799
118	Q	0.1707	262	508	1.073685231
118	D	-0.0842	597	705	0.358315872
118	E	0.2031	276	567	1.157104014
118	H	0.0453	321	492	0.734508564
118	K	0.3045	220	538	1.408526195
118	R	0	None	None	None
119	*	-0.902	137	20	-2.657680442
119	F	0.171	166	322	1.074300993
119	W	-0.184	344	328	0.049710796
119	Y	0.0818	208	342	0.835836343
119	P	0.4637	158	497	1.771744839
119	M	-0.1856	361	343	0.044633285
119	I	0.1016	174	297	0.889799171
119	L	0.0471	712	1095	0.739405269
119	V	0.1377	533	973	0.986727818
119	A	0.1487	452	842	1.015921007
119	G	0.0921	714	1197	0.863850719
119	C	-0.8546	196	33	-2.451892179
119	S	-0.0651	949	1166	0.415511342
119	T	-0.1353	401	425	0.20228415
119	N	0.1331	179	324	0.974457772
119	Q	0.2105	184	383	1.176062172
119	D	0.2967	232	560	1.389725568
119	E	0.2753	280	652	1.337868683
119	H	-0.072	270	327	0.394754774
119	K	0.101	227	387	0.888064815
119	R	0	None	None	None
120	*	-1.8193	186	1	-7.420735265
120	F	-0.1265	150	162	0.229454858
120	W	-0.09	138	161	0.340815967
120	Y	-0.1942	148	138	0.017494637
120	P	-0.0581	272	339	0.436102168
120	M	0.0455	75	115	0.735094906
120	I	0.1625	156	298	1.052189848
120	L	0.3307	262	669	1.470862945
120	V	-0.123	533	580	0.240340913
120	A	0	None	None	None
120	G	0.0639	462	734	0.786310757
120	C	-1.065	217	19	-3.395200173
120	S	0.141	306	562	0.995462023
120	T	-0.0767	286	343	0.380616975
120	N	-0.1439	198	206	0.175567453
120	Q	0.5655	76	277	1.984238199
120	D	-0.1939	477	445	0.018239616
120	E	-0.1837	240	229	0.050736738
120	H	0.2405	129	283	1.251854533
120	K	-0.0434	109	140	0.479522238
120	R	0.0137	454	654	0.645021884