Location	Mutation	Normalized_FitnessMetric	Unselected_Reads	Selected_Reads	RawLog2
1	*	-1.4877	162	5	-5.131748692
1	F	-0.4131	107	84	-0.462976348
1	W	-0.6931	197	76	-1.48795109
1	Y	-0.5277	123	73	-0.866516731
1	P	-0.1564	23	32	0.36261126
1	M	-0.1249	33	49	0.45648894
1	I	-1.7153	77	1	-6.380613325
1	L	-0.8277	98	26	-2.02809691
1	V	-0.6935	109	42	-1.489693686
1	A	-0.3276	190	182	-0.175887752
1	G	-0.09	133	212	0.558811235
1	C	-0.5119	81	50	-0.809820597
1	S	0	None	None	None
1	T	-0.8888	90	20	-2.283751786
1	N	-1.0257	136	20	-2.879361531
1	Q	0.2808	34	106	1.526630829
1	D	0.1129	67	157	1.114704774
1	E	-0.2755	13	14	-0.00691158
1	H	0.4389	34	135	1.875525971
1	K	-0.8419	106	27	-2.086859737
1	R	-0.2999	152	155	-0.085629892
2	*	-0.792	109	32	-1.882011109
2	F	0.509	13	57	2.018623512
2	W	0.2663	44	134	1.492830787
2	Y	NS	4	12	1.471135716
2	P	-0.1494	34	48	0.383672875
2	M	-0.0285	25	45	0.734170122
2	I	NS	None	None	None
2	L	0.0664	52	112	0.99308842
2	V	0.3941	46	171	1.780463775
2	A	0.0098	80	155	0.840369526
2	G	-0.0827	115	186	0.579841976
2	C	-1.0526	8	None	-3
2	S	0	None	None	None
2	T	0.2313	8	23	1.409735172
2	N	0.2366	20	58	1.422226116
2	Q	-0.1767	6	8	0.301210715
2	D	NS	3	22	2.760642334
2	E	0.2915	35	111	1.551306065
2	H	0.4012	37	139	1.795660923
2	K	NS	None	None	None
2	R	-0.2594	138	154	0.0444353
3	*	-1.7291	88	None	-6.459431619
3	F	-0.2445	72	83	0.091287646
3	W	-0.1767	60	80	0.301210715
3	Y	-0.1383	18	26	0.416687932
3	P	0.1418	45	111	1.188735986
3	M	1.0773	20	165	2.930567335
3	I	NS	4	30	2.793063811
3	L	-0.0425	173	303	0.694718972
3	V	0.1361	129	315	1.174153979
3	A	-0.0881	30	48	0.564245121
3	G	0.1083	145	337	1.102868907
3	C	-0.7753	39	12	-1.814266502
3	S	0	None	None	None
3	T	0.269	17	52	1.499150093
3	N	0.2571	44	132	1.471135716
3	Q	NS	None	49	None
3	D	0.8145	18	115	2.561738265
3	E	NS	None	5	None
3	H	NS	None	3	None
3	K	NS	4	39	3.171575435
3	R	0.1302	48	116	1.15919171
4	*	-1.2594	29	2	-3.971807779
4	F	NS	3	25	2.945066905
4	W	-0.2831	34	36	-0.031364624
4	Y	0.0468	26	54	0.940621
4	P	0.1162	14	33	1.123212413
4	M	NS	None	None	None
4	I	-0.2485	21	24	0.078818294
4	L	0.0514	116	243	0.953004724
4	V	-0.1042	133	206	0.517391307
4	A	0.2048	36	99	1.345604834
4	G	0.126	193	463	1.148584562
4	C	-1.2192	38	3	-3.776791797
4	S	0.3302	105	354	1.639533248
4	T	-0.0517	75	129	0.668581781
4	N	0.1464	37	92	1.200281806
4	Q	-0.2318	135	160	0.131285714
4	D	0.4	64	240	1.793063811
4	E	0.0738	60	131	1.012705622
4	H	0	None	None	None
4	K	0.3486	49	170	1.680854308
4	R	-0.0014	271	514	0.809648724
5	*	NS	1	None	None
5	F	NS	None	None	None
5	W	-0.0123	14	26	0.779258012
5	Y	-0.7722	58	18	-1.801882778
5	P	0	None	None	None
5	M	NS	None	None	None
5	I	NS	None	11	None
5	L	-0.3278	47	45	-0.17656254
5	V	-0.2696	11	12	0.011704098
5	A	NS	None	9	None
5	G	0.4952	53	228	1.991142775
5	C	-1.6816	73	None	-6.189824559
5	S	0.1455	29	72	1.198117222
5	T	0.24	24	70	1.430493732
5	N	NS	2	27	3.641060718
5	Q	-0.1595	68	94	0.353299226
5	D	NS	None	None	None
5	E	NS	None	None	None
5	H	NS	3	2	-0.698789285
5	K	NS	None	None	None
5	R	-0.5233	25	15	-0.850792378
6	*	NS	None	None	None
6	F	-0.0971	7	11	0.538249912
6	W	0.5177	16	71	2.035920335
6	Y	-0.0053	17	32	0.798710374
6	P	NS	2	8	1.886173216
6	M	1.8234	5	64	3.564245121
6	I	0.2313	16	46	1.409735172
6	L	-0.2778	14	15	-0.014291111
6	V	0	None	None	None
6	A	0.3794	33	120	1.748669692
6	G	0.1231	238	568	1.141102572
6	C	NS	2	1	-1.113826784
6	S	0.078	15	33	1.023676739
6	T	0.6283	15	77	2.246069161
6	N	NS	None	None	None
6	Q	3.7721	5	90	3.835501268
6	D	NS	4	56	3.693528138
6	E	-0.2708	34	37	0.00816374
6	H	0.3959	11	41	1.784293602
6	K	NS	None	None	None
6	R	-0.166	132	180	0.333632193
7	*	-1.5087	140	4	-5.243109801
7	F	0	None	None	None
7	W	-0.0102	74	138	0.785244307
7	Y	0.1449	125	310	1.196513336
7	P	-0.271	57	62	0.007479512
7	M	1.0623	7	57	2.911708308
7	I	0.2168	103	289	1.374598371
7	L	0.2708	192	589	1.503334539
7	V	0.2864	144	453	1.539615454
7	A	0.3706	17	61	1.729447712
7	G	0.5055	22	96	2.011704098
7	C	0.0121	74	144	0.846644851
7	S	0.2534	163	486	1.462257565
7	T	0.4353	60	237	1.868025869
7	N	0.4518	22	89	1.902475028
7	Q	0.9558	13	96	2.770695998
7	D	0.3173	46	152	1.610538773
7	E	0.8568	19	127	2.626930389
7	H	-0.2627	65	72	0.033730404
7	K	1.396	7	73	3.268642852
7	R	-0.0514	122	210	0.669681396
8	*	-1.5847	93	2	-5.652985595
8	F	-0.3758	7	6	-0.336219206
8	W	-1.1229	10	None	-3.321928095
8	Y	-0.1534	40	56	0.371600043
8	P	0.8543	9	60	2.62313881
8	M	0.0125	19	37	0.847699068
8	I	NS	None	6	None
8	L	0.1683	84	217	1.255407025
8	V	0.1076	109	253	1.100982466
8	A	0.0093	62	120	0.838867501
8	G	0.3221	76	253	1.621239277
8	C	0.4541	17	69	1.907234831
8	S	NS	None	1	None
8	T	NS	None	None	None
8	N	0.3327	13	44	1.645165116
8	Q	0.2259	53	151	1.3966575
8	D	0.624	38	194	2.238158544
8	E	0.2393	46	134	1.42870045
8	H	0	None	None	None
8	K	NS	None	None	None
8	R	0.336	87	296	1.652683085
9	*	-0.8253	146	39	-2.018249124
9	F	-0.3037	91	92	-0.098059468
9	W	-0.2176	54	66	0.175679833
9	Y	-0.5218	88	53	-0.845337948
9	P	0.1691	167	432	1.257356425
9	M	0.4	8	30	1.793063811
9	I	-0.0294	64	115	0.731663267
9	L	0.0293	195	392	0.893552746
9	V	0.1583	245	622	1.230306047
9	A	0.5991	110	544	2.192276343
9	G	0.4507	408	1648	1.900248401
9	C	-0.8888	36	8	-2.283751786
9	S	0.172	280	728	1.264684839
9	T	0.388	60	221	1.767185179
9	N	0.269	119	364	1.499150093
9	Q	0.1094	73	170	1.105739593
9	D	0.4907	171	731	1.982048297
9	E	0.4681	149	617	1.936131374
9	H	0.7721	21	128	2.493855793
9	K	0.4393	111	441	1.876392195
9	R	0	None	None	None
10	*	-1.3154	19	None	-4.247927513
10	F	-1.2694	60	4	-4.02071738
10	W	-1.0031	260	41	-2.778642593
10	Y	-0.4887	26	17	-0.726803661
10	P	-0.0615	163	275	0.64073287
10	M	NS	2	None	None
10	I	-1.4872	35	None	-5.129283017
10	L	-0.5265	126	75	-0.862288017
10	V	-0.6162	317	150	-1.193347124
10	A	0.2342	81	234	1.416687932
10	G	0	None	None	None
10	C	-0.0821	205	332	0.581732548
10	S	-0.1181	174	262	0.476652721
10	T	NS	1	23	3.835501268
10	N	NS	1	4	1.886173216
10	Q	0.17	22	57	1.259631611
10	D	-0.1427	95	136	0.403780449
10	E	0.1035	23	53	1.090531714
10	H	0.1182	41	97	1.128534053
10	K	0.1343	76	185	1.169627163
10	R	0.4511	194	784	1.900970218
11	*	-1.1146	288	32	-3.283751786
11	F	-0.595	62	31	-1.113826784
11	W	-0.7438	134	45	-1.688062878
11	Y	-0.7378	41	14	-1.664023867
11	P	-0.0563	44	75	0.655560288
11	M	-0.0999	96	150	0.530029405
11	I	-0.3149	71	70	-0.134290887
11	L	-0.2439	123	142	0.09340583
11	V	-0.1367	256	371	0.421448592
11	A	-0.2178	158	193	0.174849505
11	G	-0.162	805	1107	0.345767749
11	C	-0.4892	245	160	-0.728536628
11	S	-0.3681	204	178	-0.310518695
11	T	-0.6192	164	77	-1.204592248
11	N	-0.2737	37	40	-0.001352055
11	Q	-0.1392	86	124	0.414104771
11	D	0.1308	93	225	1.160795596
11	E	0	None	None	None
11	H	-0.3086	8	8	-0.113826784
11	K	0.078	50	110	1.023676739
11	R	-0.2644	270	298	0.028526139
12	*	-1.3172	53	3	-4.256784738
12	F	0	None	None	None
12	W	-0.7148	66	24	-1.573258403
12	Y	-0.1867	36	47	0.270837066
12	P	NS	None	None	None
12	M	NS	3	None	None
12	I	-0.2089	53	66	0.20264688
12	L	0.2943	70	223	1.557790099
12	V	0.3499	84	292	1.683680352
12	A	0.2436	91	267	1.439074507
12	G	0.5199	133	592	2.040344146
12	C	0.0319	297	600	0.900672785
12	S	0.4111	32	122	1.816910553
12	T	-0.3086	9	9	-0.113826784
12	N	0.5334	15	68	2.066745461
12	Q	0.7055	14	79	2.382599042
12	D	0.469	41	170	1.938012147
12	E	NS	None	None	None
12	H	NS	1	1	-0.113826784
12	K	0.1806	36	95	1.286103823
12	R	-0.2286	62	74	0.141430271
13	*	-1.1315	19	2	-3.361754298
13	F	-0.8538	191	47	-2.136666761
13	W	NS	2	None	None
13	Y	-0.6688	34	14	-1.393934704
13	P	-0.4927	190	123	-0.741167887
13	M	-0.7311	69	24	-1.63738874
13	I	-1.6381	57	1	-5.946716799
13	L	-1.4986	371	11	-5.189670542
13	V	-0.9418	179	34	-2.51017972
13	A	-0.1328	115	168	0.433000588
13	G	-0.12	46	69	0.471135716
13	C	-0.8088	50	14	-1.950328052
13	S	0	None	None	None
13	T	0.0197	116	229	0.867396009
13	N	-0.3844	50	42	-0.365365551
13	Q	NS	None	None	None
13	D	-0.1996	37	47	0.231308702
13	E	0.4833	13	55	1.967093211
13	H	0.171	42	109	1.262040118
13	K	-0.8016	7	2	-1.921181706
13	R	-0.2256	154	185	0.150768135
14	*	-1.3303	20	None	-4.321928095
14	F	-0.5511	84	47	-0.951555355
14	W	-1.0899	9	None	-3.169925001
14	Y	-1.3558	101	5	-4.450110172
14	P	-0.2613	81	90	0.038176309
14	M	NS	1	None	None
14	I	-0.16	21	29	0.351836788
14	L	-0.6055	37	18	-1.153355149
14	V	0	None	None	None
14	A	0.0148	68	133	0.85399281
14	G	-0.7443	158	53	-1.689687078
14	C	0.3675	35	125	1.722674483
14	S	0.0946	86	195	1.067238775
14	T	0.1275	79	190	1.152248076
14	N	NS	None	None	None
14	Q	-0.2009	15	19	0.227210134
14	D	-0.0373	13	23	0.709295454
14	E	0.1867	9	24	1.301210715
14	H	-0.7288	20	7	-1.628399957
14	K	-1.179	12	None	-3.584962501
14	R	-1.6798	67	1	-6.179915975
15	*	-0.7363	175	60	-1.658147301
15	F	-1.1249	93	10	-3.331057501
15	W	-1.2401	163	12	-3.877592438
15	Y	-0.6095	108	52	-1.168274568
15	P	-1.6952	77	None	-6.266786541
15	M	-1.6885	75	None	-6.228818691
15	I	-1.8002	117	None	-6.87036472
15	L	-1.5125	284	8	-5.263573904
15	V	-1.8808	301	2	-7.347446461
15	A	-1.3819	310	14	-4.582596268
15	G	-1.7171	698	9	-6.390985009
15	C	0	None	None	None
15	S	-1.2332	292	22	-3.844219725
15	T	-1.7981	116	None	-6.857980995
15	N	-1.7808	100	1	-6.757682974
15	Q	-1.6394	62	None	-5.95419631
15	D	-1.1811	67	6	-3.594953474
15	E	-1.2218	115	9	-3.789391834
15	H	-1.2997	18	None	-4.169925001
15	K	-0.969	40	7	-2.628399957
15	R	-1.0712	392	50	-3.084680439
16	*	-1.4257	28	None	-4.807354922
16	F	-0.959	6	None	-2.584962501
16	W	-0.8978	5	None	-2.321928095
16	Y	-0.7564	37	12	-1.738317649
16	P	NS	1	None	None
16	M	-1.4155	27	None	-4.754887502
16	I	-1.4049	26	None	-4.700439718
16	L	-1.7757	106	None	-6.727920455
16	V	-0.9879	224	37	-2.711728341
16	A	-0.4213	126	97	-0.491193866
16	G	-0.5114	330	204	-0.807723657
16	C	-1.3668	21	1	-4.506144207
16	S	-0.5865	45	23	-1.082117925
16	T	-1.283	17	None	-4.087462841
16	N	-0.12	24	36	0.471135716
16	Q	-0.6561	54	23	-1.34515233
16	D	0	None	None	None
16	E	-0.1252	62	92	0.455538861
16	H	-0.9596	50	9	-2.587757973
16	K	NS	None	None	None
16	R	-1.6779	133	2	-6.16910922
17	*	-0.7157	102	37	-1.576798761
17	F	-1.1395	78	8	-3.399229003
17	W	-1.1368	58	6	-3.386845279
17	Y	-1.4711	33	None	-5.044394119
17	P	-0.1738	41	55	0.309980925
17	M	-1.3703	23	None	-4.523561956
17	I	-1.6175	57	None	-5.832890014
17	L	-1.0444	245	34	-2.963001882
17	V	-1.8397	127	1	-7.102511471
17	A	-0.3044	210	212	-0.100151847
17	G	-0.1884	349	454	0.265638477
17	C	-1.427	52	2	-4.814266502
17	S	0	None	None	None
17	T	-0.8982	111	24	-2.32328015
17	N	NS	4	3	-0.528864284
17	Q	-0.3331	37	35	-0.193997133
17	D	-1.3939	25	None	-4.64385619
17	E	-0.8016	35	10	-1.921181706
17	H	-1.3735	43	2	-4.540091539
17	K	NS	None	1	None
17	R	-1.2029	48	4	-3.698789285
18	*	-1.7347	90	None	-6.491853096
18	F	-0.4525	168	120	-0.599253611
18	W	-1.5087	35	1	-5.243109801
18	Y	-0.4727	100	68	-0.670220133
18	P	-1.6514	60	1	-6.02071738
18	M	-0.6382	150	67	-1.276556284
18	I	-0.1256	87	129	0.454456975
18	L	-0.6576	132	56	-1.350865982
18	V	0	None	None	None
18	A	-0.0117	64	119	0.780990979
18	G	-1.3643	333	16	-4.493205151
18	C	-1.3457	78	4	-4.399229003
18	S	-0.3446	178	164	-0.232008211
18	T	-0.1145	60	91	0.48707726
18	N	0.4246	9	35	1.845531231
18	Q	0.2773	10	31	1.518441431
18	D	-0.032	66	118	0.724422146
18	E	NS	None	32	None
18	H	-0.1698	17	23	0.32227233
18	K	NS	None	None	None
18	R	-0.6614	50	21	-1.365365551
19	*	-1.4046	480	20	-4.698789285
19	F	-1.1635	664	63	-3.511586292
19	W	-1.794	949	9	-6.83416606
19	Y	-1.2366	282	21	-3.861060714
19	P	-1.0165	337	51	-2.838006224
19	M	-1.3864	360	16	-4.605679881
19	I	-1.3801	352	16	-4.573258403
19	L	-1.6564	1101	18	-6.048500536
19	V	-1.9656	860	4	-7.862019634
19	A	-0.9274	1165	231	-2.448191982
19	G	-0.5097	2666	1655	-0.801672348
19	C	-1.2044	1037	86	-3.705762208
19	S	0	None	None	None
19	T	-1.0022	215	34	-2.774556793
19	N	-0.7429	98	33	-1.684142509
19	Q	-1.3312	204	11	-4.326820508
19	D	-1.2551	543	38	-3.950707659
19	E	-1.8837	457	3	-7.364914639
19	H	-0.9223	154	31	-2.426417015
19	K	-1.771	104	None	-6.700439718
19	R	-1.6788	1001	15	-6.174162448
20	*	-1.7218	79	1	-6.417607533
20	F	-0.2163	102	125	0.179532158
20	W	-0.8636	209	50	-2.177329727
20	Y	0.078	10	22	1.023676739
20	P	-1.227	52	4	-3.814266502
20	M	0.1694	102	264	1.258141993
20	I	-0.4222	82	63	-0.494098865
20	L	-0.0406	252	443	0.700056181
20	V	0	None	None	None
20	A	0.2278	360	1029	1.401347386
20	G	0.2266	3957	11287	1.398356325
20	C	-0.4295	257	194	-0.519538491
20	S	0.315	356	1172	1.605196639
20	T	-0.1329	89	130	0.432807598
20	N	0.345	20	69	1.672769578
20	Q	0.1763	63	165	1.275215506
20	D	-0.4124	206	162	-0.460477309
20	E	0.5199	193	859	2.0402305
20	H	0.5063	38	166	2.013285134
20	K	NS	None	None	None
20	R	0.4243	550	2138	1.844931545
21	*	-0.748	247	82	-1.704642011
21	F	-1.7262	87	None	-6.442943496
21	W	0	None	None	None
21	Y	-1.3702	85	4	-4.52321772
21	P	-1.6556	66	None	-6.044394119
21	M	-1.7173	84	None	-6.392317423
21	I	-1.5166	39	None	-5.285402219
21	L	-1.0789	257	32	-3.119451334
21	V	-1.5024	171	5	-5.209751204
21	A	-1.4948	266	8	-5.16910922
21	G	-1.7153	154	2	-6.380613325
21	C	-0.964	197	35	-2.606595587
21	S	-1.4194	253	10	-4.774892264
21	T	-1.3154	19	None	-4.247927513
21	N	NS	None	None	None
21	Q	NS	2	None	None
21	D	-1.5429	43	None	-5.426264755
21	E	-1.4539	31	None	-4.95419631
21	H	-1.8476	142	None	-7.14974712
21	K	-1.5429	43	None	-5.426264755
21	R	-0.9401	220	42	-2.502869075
22	*	-1.5295	189	5	-5.354141114
22	F	-1.199	154	13	-3.680173607
22	W	-1.7783	99	1	-6.743183404
22	Y	-1.6141	104	2	-5.814266502
22	P	-1.7641	187	2	-6.660721244
22	M	-1.2467	125	9	-3.909686068
22	I	-0.1515	143	201	0.37735357
22	L	-1.2615	292	20	-3.981723248
22	V	0	None	None	None
22	A	-0.7187	214	77	-1.58850723
22	G	-1.7198	784	10	-6.406608534
22	C	-0.6605	95	40	-1.361754298
22	S	-0.7881	512	152	-1.865899271
22	T	-0.1343	219	319	0.42879877
22	N	-0.0392	177	312	0.703969884
22	Q	-0.8336	92	24	-2.05242624
22	D	-1.0699	242	31	-3.078493711
22	E	-1.3713	192	9	-4.528864284
22	H	-1.1185	82	9	-3.301453788
22	K	-1.1033	217	25	-3.231521827
22	R	-0.4792	508	340	-0.693120535
23	*	-1.2461	15	None	-3.906890596
23	F	-1.6595	67	None	-6.06608919
23	W	-1.0161	66	10	-2.836292809
23	Y	-1.1944	70	6	-3.658147301
23	P	-1.2719	121	8	-4.032690022
23	M	-1.0614	76	10	-3.039826203
23	I	-1.3823	24	None	-4.584962501
23	L	-1.7035	294	4	-6.313499129
23	V	-1.1727	239	22	-3.555261974
23	A	-0.0804	16	26	0.586612934
23	G	0	None	None	None
23	C	-0.6174	53	25	-1.197891049
23	S	-0.2054	440	552	0.213337959
23	T	0.2747	23	71	1.512358379
23	N	0.1703	76	197	1.260297522
23	Q	-1.1445	109	11	-3.42257949
23	D	-0.0586	33	56	0.649134018
23	E	-1.7218	79	1	-6.417607533
23	H	-0.4179	67	52	-0.479476257
23	K	-0.5751	38	20	-1.039826203
23	R	-0.3496	213	194	-0.248623562
24	*	-1.4756	31	1	-5.068023095
24	F	-1.7375	91	None	-6.50779464
24	W	-1.6034	54	None	-5.754887502
24	Y	-0.9529	49	9	-2.558611627
24	P	-1.5667	47	None	-5.554588852
24	M	-1.4872	35	None	-5.129283017
24	I	-1.5551	45	None	-5.491853096
24	L	-1.6158	157	3	-5.823485033
24	V	-0.9001	307	66	-2.33152751
24	A	-1.1765	187	17	-3.573258403
24	G	-0.5211	610	368	-0.842930261
24	C	-1.5008	34	1	-5.201289626
24	S	-0.6688	170	70	-1.393934704
24	T	-0.8161	62	17	-1.980560253
24	N	0.057	77	163	0.968114829
24	Q	-1.3145	105	6	-4.243109801
24	D	0	None	None	None
24	E	-0.6782	259	104	-1.430195354
24	H	-0.2696	11	12	0.011704098
24	K	-1.416	50	2	-4.757682974
24	R	-1.7372	168	2	-6.506144207
25	*	-1.2694	450	30	-4.02071738
25	F	-1.8377	126	1	-7.091106708
25	W	-1.8816	151	1	-7.352231524
25	Y	-1.5609	46	None	-5.523561956
25	P	-1.7849	110	None	-6.781359714
25	M	-0.5861	172	88	-1.08065992
25	I	-1.4375	27	1	-4.868714286
25	L	-1.6021	149	3	-5.748032804
25	V	-1.9156	174	1	-7.55677028
25	A	-1.6021	149	3	-5.748032804
25	G	-2.1116	439	None	-8.77807713
25	C	-1.7049	80	None	-6.321928095
25	S	-2.0682	335	1	-8.50184407
25	T	-1.1952	117	10	-3.662263409
25	N	-0.5087	135	84	-0.798324959
25	Q	-0.4001	21	17	-0.418681366
25	D	-1.2694	105	7	-4.02071738
25	E	-0.8616	266	64	-2.16910922
25	H	-1.6836	68	1	-6.201289626
25	K	0	None	None	None
25	R	-0.3968	239	195	-0.407363279
26	*	-1.7707	384	4	-6.698789285
26	F	-0.3381	247	231	-0.210444974
26	W	-0.7692	409	128	-1.789783817
26	Y	-0.4396	190	140	-0.554399376
26	P	-1.4696	273	9	-5.036658924
26	M	-0.3293	457	436	-0.181692815
26	I	-0.5213	335	202	-0.843632587
26	L	-0.6795	1187	475	-1.435147301
26	V	-0.1708	803	1084	0.31906608
26	A	-0.468	814	560	-0.653428752
26	G	-0.4758	483	326	-0.680978009
26	C	-1.0019	297	47	-2.773557053
26	S	-0.3117	858	852	-0.123951002
26	T	0	None	None	None
26	N	-0.7354	576	198	-1.654395166
26	Q	-0.2779	169	181	-0.014860334
26	D	-1.1839	417	37	-3.608276992
26	E	-0.8601	120	29	-2.162736385
26	H	-0.2577	100	112	0.049671948
26	K	0.0854	352	785	1.043290441
26	R	0.095	1111	2521	1.068310517
27	*	-1.0162	383	58	-2.837046371
27	F	-0.2416	231	268	0.100513365
27	W	-0.1487	447	632	0.385822943
27	Y	-0.0525	177	304	0.666495179
27	P	-1.3817	177	8	-4.581432334
27	M	-0.0902	209	333	0.558192451
27	I	-0.1014	346	539	0.525686451
27	L	-0.2545	766	864	0.059860136
27	V	0.0862	669	1494	1.045275248
27	A	-0.8416	714	182	-2.085812408
27	G	-1.6372	1477	26	-5.941841177
27	C	-0.743	309	104	-1.684850094
27	S	-0.3712	673	583	-0.320937406
27	T	0	None	None	None
27	N	-0.1121	248	378	0.49421933
27	Q	-0.6964	136	52	-1.500849907
27	D	-1.9481	216	None	-7.754887502
27	E	-1.2892	353	22	-4.117919539
27	H	0.1673	114	294	1.252955546
27	K	0.1086	215	500	1.103764651
27	R	0.0417	923	1899	0.927010568
28	*	NS	None	None	None
28	F	-1.1765	11	1	-3.573258403
28	W	-1.5096	38	None	-5.247927513
28	Y	-1.7312	82	1	-6.471378789
28	P	-0.985	36	6	-2.698789285
28	M	-1.5831	50	None	-5.64385619
28	I	-1.7849	110	None	-6.781359714
28	L	-1.8527	134	1	-7.179915975
28	V	-0.9731	272	47	-2.646700774
28	A	0	None	None	None
28	G	-1.258	404	28	-3.964683345
28	C	-1.8689	155	None	-7.276124405
28	S	-1.1803	245	22	-3.591033105
28	T	-0.1871	23	30	0.269501855
28	N	-1.4949	36	None	-5.169925001
28	Q	-1.6265	59	None	-5.882643049
28	D	-1.0927	193	23	-3.182721866
28	E	-1.1659	85	8	-3.52321772
28	H	-1.0899	9	None	-3.169925001
28	K	-1.2652	16	None	-4
28	R	-1.6885	75	None	-6.228818691
29	*	-1.3926	207	9	-4.63738874
29	F	0.0666	220	474	0.993556751
29	W	-0.8995	65	14	-2.328839675
29	Y	-0.1397	159	229	0.412494048
29	P	-1.4561	231	8	-4.965575826
29	M	0.2542	70	209	1.464249331
29	I	0.3601	64	226	1.706352178
29	L	0.0839	549	1221	1.039358362
29	V	0.0008	335	638	0.815568544
29	A	-0.8424	287	73	-2.088909152
29	G	-1.9966	491	2	-8.053405999
29	C	-0.3241	58	56	-0.164452857
29	S	-1.0471	487	67	-2.975515556
29	T	0	None	None	None
29	N	-0.9545	93	17	-2.565522754
29	Q	-0.5967	231	115	-1.120085775
29	D	-1.0518	118	16	-2.996469834
29	E	-0.8366	116	30	-2.064917184
29	H	-0.4088	58	46	-0.448245823
29	K	-0.2804	184	196	-0.022678896
29	R	-0.1299	513	754	0.441778913
30	*	-1.3744	1251	58	-4.544711863
30	F	-1.5337	960	25	-5.37686119
30	W	-2.2942	1009	None	-9.978710459
30	Y	-1.5625	898	21	-5.532080996
30	P	-1.5994	885	18	-5.733435428
30	M	-1.6711	842	13	-6.131063489
30	I	-1.8587	824	6	-7.215364811
30	L	-1.8808	2107	14	-7.347446461
30	V	-1.4031	1934	81	-4.691348861
30	A	-1.8851	1379	9	-7.373308524
30	G	-1.6714	3112	48	-6.132490629
30	C	-1.5423	912	23	-5.423154842
30	S	-1.9231	2155	12	-7.602336438
30	T	-0.9064	763	161	-2.358449153
30	N	-1.4186	656	26	-4.770939071
30	Q	-1.8539	404	3	-7.187075766
30	D	0	None	None	None
30	E	-1.3934	761	33	-4.641185308
30	H	-1.2617	453	31	-3.982997714
30	K	-1.893	475	3	-7.420647987
30	R	-1.7989	2044	19	-6.863078752
31	*	-1.3438	678	35	-4.389685231
31	F	-1.4	425	18	-4.675220814
31	W	-1.9126	186	None	-7.539158811
31	Y	-0.8312	198	52	-2.042743686
31	P	-1.894	159	1	-7.42670974
31	M	-0.4835	151	100	-0.708375334
31	I	0	None	None	None
31	L	-0.7828	677	204	-1.844413466
31	V	-0.6186	723	340	-1.202287685
31	A	-1.0056	377	59	-2.789604448
31	G	-1.5667	782	18	-5.55492658
31	C	-1.6892	278	4	-6.232767857
31	S	-0.8816	533	121	-2.25295527
31	T	-0.9699	298	52	-2.632555587
31	N	-1.0016	202	32	-2.772038267
31	Q	-0.8937	105	23	-2.304510346
31	D	-1.2884	128	8	-4.113826784
31	E	-1.4756	155	5	-5.068023095
31	H	-0.797	266	77	-1.902322679
31	K	-1.5577	168	4	-5.506144207
31	R	-1.6993	723	10	-6.289750526
32	*	-1.1659	563	53	-3.522897442
32	F	-0.9477	268	50	-2.536059785
32	W	-1.502	444	13	-5.207802933
32	Y	-0.5447	102	58	-0.928271131
32	P	-2.0495	334	None	-8.383704292
32	M	-0.4151	503	393	-0.469855872
32	I	-1.8258	360	3	-7.02071738
32	L	-1.015	888	135	-2.831427054
32	V	-1.1008	818	95	-3.219928209
32	A	-0.1059	653	1008	0.512513958
32	G	-0.4906	1383	900	-0.733631034
32	C	-1.8444	259	2	-7.130635072
32	S	0.0063	887	1707	0.830630264
32	T	0.2033	408	1119	1.341742195
32	N	0.0266	307	614	0.886173216
32	Q	-0.5291	230	136	-0.871853994
32	D	-1.4013	427	18	-4.681994043
32	E	-0.8654	500	119	-2.184793306
32	H	-0.4888	205	134	-0.727217693
32	K	0	None	None	None
32	R	0.2122	1001	2787	1.363444244
33	*	-1.371	341	16	-4.527454713
33	F	-1.6023	497	10	-5.749000731
33	W	-1.9631	851	4	-7.846842106
33	Y	-1.7446	173	2	-6.548455012
33	P	-2.0204	272	1	-8.201289626
33	M	-1.4208	178	7	-4.782205293
33	I	-1.9239	195	None	-7.607330314
33	L	-2.0195	542	2	-8.195975826
33	V	-1.3905	1050	46	-4.626438441
33	A	-1.8509	798	6	-7.16910922
33	G	0	None	None	None
33	C	-1.5379	507	13	-5.399229003
33	S	-1.4579	901	31	-4.97501377
33	T	-1.9916	260	None	-8.022367813
33	N	-1.3694	339	16	-4.518968247
33	Q	-1.9629	230	None	-7.845490051
33	D	-1.2071	438	36	-3.718688842
33	E	-1.666	508	8	-6.102511471
33	H	-1.7849	110	None	-6.781359714
33	K	-1.7375	91	None	-6.50779464
33	R	-1.872	1161	8	-7.294979041
34	*	-1.4871	194	6	-5.128777126
34	F	-1.7637	101	None	-6.658211483
34	W	-1.9392	208	None	-7.700439718
34	Y	-1.8044	110	1	-6.895186498
34	P	-1.6595	67	None	-6.06608919
34	M	-1.9925	261	None	-8.027905997
34	I	-1.1939	198	17	-3.655720563
34	L	-1.934	376	2	-7.668415636
34	V	-2.1704	528	1	-9.158220904
34	A	-1.3674	505	24	-4.509003861
34	G	-1.6294	1764	32	-5.89846163
34	C	-1.9299	200	None	-7.64385619
34	S	-1.3178	177	10	-4.25950424
34	T	-1.3357	113	6	-4.349043246
34	N	-0.4483	158	114	-0.584717518
34	Q	-0.8997	223	48	-2.329764184
34	D	-1.5231	443	12	-5.320027172
34	E	-0.8875	390	87	-2.278213602
34	H	-0.598	129	64	-1.12505404
34	K	0	None	None	None
34	R	-0.0547	772	1320	0.660038393
35	*	-0.4241	17	13	-0.500849907
35	F	-1.5366	42	None	-5.392317423
35	W	-1.0351	7	1	-2.921181706
35	Y	-1.1229	10	None	-3.321928095
35	P	-0.6484	23	10	-1.315460646
35	M	-1.3457	39	2	-4.399229003
35	I	-0.9757	35	6	-2.658147301
35	L	-1.0899	9	None	-3.169925001
35	V	-0.6072	128	62	-1.159630474
35	A	-0.6796	45	18	-1.435754879
35	G	-1.1021	268	31	-3.225719664
35	C	NS	1	None	None
35	S	-0.446	113	82	-0.576453742
35	T	0.47	46	191	1.940040088
35	N	-0.8016	7	2	-1.921181706
35	Q	-0.9245	5	1	-2.435754879
35	D	-0.7411	198	67	-1.677094214
35	E	0	None	None	None
35	H	NS	None	None	None
35	K	-0.3128	105	104	-0.127632584
35	R	-0.2994	143	146	-0.083873562
36	*	-1.3154	19	None	-4.247927513
36	F	-1.2173	214	17	-3.767830929
36	W	-1.8577	148	None	-7.209453366
36	Y	-1.7916	113	None	-6.820178962
36	P	-1.9101	184	None	-7.523561956
36	M	-1.5429	43	None	-5.426264755
36	I	-0.6425	77	34	-1.293150484
36	L	-1.1881	160	14	-3.628399957
36	V	0	None	None	None
36	A	-1.1187	310	34	-3.302488348
36	G	-1.4151	623	25	-4.753058948
36	C	-1.851	144	None	-7.169925001
36	S	-1.8145	124	None	-6.95419631
36	T	-1.179	12	None	-3.584962501
36	N	-1.6221	58	None	-5.857980995
36	Q	-1.1395	39	4	-3.399229003
36	D	-0.6752	42	17	-1.418681366
36	E	-1.9381	207	None	-7.693486958
36	H	-1.7872	111	None	-6.794415866
36	K	-1.7312	82	1	-6.471378789
36	R	-1.3616	268	13	-4.479476257
37	*	-1.5116	283	8	-5.258485027
37	F	-0.346	98	90	-0.236683532
37	W	-0.4475	83	60	-0.58197562
37	Y	0.0386	22	45	0.918594693
37	P	-1.8493	143	None	-7.159871337
37	M	0	None	None	None
37	I	0.166	89	229	1.249643573
37	L	-0.0144	286	529	0.773425791
37	V	0.3487	166	576	1.681058786
37	A	0.1183	142	336	1.128743519
37	G	-0.9813	261	44	-2.682301162
37	C	-0.6739	160	65	-1.413387066
37	S	-0.4262	159	121	-0.507846502
37	T	0.227	48	137	1.399242798
37	N	NS	1	4	1.886173216
37	Q	0.5867	60	292	2.169107179
37	D	-0.3226	64	62	-0.159630474
37	E	0.3304	51	172	1.640012628
37	H	NS	None	None	None
37	K	0.0322	141	285	0.901439972
37	R	0.079	245	540	1.026350874
38	*	-1.4627	32	None	-5
38	F	-1.09	183	22	-3.170095004
38	W	-1.2032	13	None	-3.700439718
38	Y	-1.1529	112	11	-3.461750088
38	P	-1.8424	139	None	-7.118941073
38	M	-1.8616	139	1	-7.232767857
38	I	-0.6257	182	84	-1.229304002
38	L	-0.2755	208	224	-0.00691158
38	V	0	None	None	None
38	A	-0.8391	148	38	-2.075352637
38	G	-1.1284	348	37	-3.347316915
38	C	-2.0271	303	None	-8.243173983
38	S	-1.8593	149	None	-7.21916852
38	T	NS	None	None	None
38	N	-1.6394	62	None	-5.95419631
38	Q	-1.6985	78	None	-6.285402219
38	D	-1.1327	124	13	-3.367583377
38	E	-1.7049	80	None	-6.321928095
38	H	-1.4155	27	None	-4.754887502
38	K	-1.7291	88	None	-6.459431619
38	R	-1.9525	220	None	-7.781359714
39	*	-0.8412	384	98	-2.084079441
39	F	-0.908	400	84	-2.365365551
39	W	-1.1695	387	36	-3.540091539
39	Y	-1.9014	164	1	-7.471378789
39	P	-1.9251	196	None	-7.614709844
39	M	-0.3266	175	168	-0.172720473
39	I	0.0753	206	451	1.016656312
39	L	0	None	None	None
39	V	0.1793	373	982	1.28272061
39	A	-0.6233	338	157	-1.220085472
39	G	-1.6445	409	7	-5.982428895
39	C	-0.7676	229	72	-1.783105571
39	S	-0.9971	523	84	-2.752176498
39	T	-1.6599	310	5	-6.068023095
39	N	-1.5934	52	None	-5.700439718
39	Q	-1.3668	294	14	-4.506144207
39	D	-1.6708	70	None	-6.129283017
39	E	-1.8237	119	1	-7.008644548
39	H	-1.36	41	2	-4.471378789
39	K	-1.3811	265	12	-4.578712833
39	R	-2.0759	375	None	-8.550746785
40	*	-1.7587	99	None	-6.62935662
40	F	-1.4596	117	4	-4.984191504
40	W	-1.2298	105	8	-3.828072302
40	Y	-1.5235	40	None	-5.321928095
40	P	0.7721	21	128	2.493855793
40	M	-1.283	17	None	-4.087462841
40	I	-1.5301	41	None	-5.357552005
40	L	-1.4409	164	6	-4.886416288
40	V	-1.2501	281	20	-3.92632501
40	A	-0.0515	247	425	0.669125015
40	G	0	None	None	None
40	C	-0.4365	132	98	-0.54351106
40	S	0.0169	249	489	0.859861939
40	T	-0.2197	97	118	0.168903423
40	N	-0.6062	35	17	-1.15564696
40	Q	-0.2583	59	66	0.047924286
40	D	-0.0749	98	161	0.60238025
40	E	-0.4231	90	69	-0.497155424
40	H	-0.5852	39	20	-1.077300908
40	K	NS	None	None	None
40	R	-0.4213	226	174	-0.491062251
41	*	-1.3027	521	31	-4.184770036
41	F	-1.563	557	13	-5.534920584
41	W	-1.7075	448	6	-6.336219206
41	Y	-0.945	303	57	-2.524110754
41	P	-1.5774	407	9	-5.612786767
41	M	-1.5731	267	6	-5.589560215
41	I	-1.7281	162	2	-6.453676787
41	L	-1.7591	1283	14	-6.631777317
41	V	-1.2907	1161	72	-4.12505404
41	A	-1.4196	557	22	-4.775928683
41	G	-1.4526	1654	58	-4.947589308
41	C	-2.0777	378	None	-8.562242424
41	S	-0.6061	807	392	-1.155541803
41	T	-0.687	538	211	-1.464189958
41	N	-0.6431	93	41	-1.295433591
41	Q	-0.4096	96	76	-0.450861772
41	D	-0.8733	718	167	-2.217962526
41	E	0	None	None	None
41	H	-0.8696	268	63	-2.202636051
41	K	-0.9261	211	42	-2.44260855
41	R	-2.0953	755	2	-8.674159619
42	*	-1.9214	193	None	-7.592457037
42	F	-0.6803	283	113	-1.438306065
42	W	-1.721	315	4	-6.413034803
42	Y	-1.0669	116	15	-3.064917184
42	P	-1.7291	88	None	-6.459431619
42	M	-0.9012	56	12	-2.336219206
42	I	0.1044	211	487	1.092851989
42	L	-0.75	318	105	-1.712464222
42	V	0	None	None	None
42	A	-1.3414	634	33	-4.377771695
42	G	-1.5399	2043	52	-5.409860555
42	C	-1.7441	259	3	-6.545672571
42	S	-1.3556	545	27	-4.449051702
42	T	-1.5847	186	4	-5.652985595
42	N	-1.5551	45	None	-5.491853096
42	Q	-1.8689	155	None	-7.276124405
42	D	-1.0639	406	53	-3.051242247
42	E	-1.7654	188	2	-6.668415636
42	H	-1.0526	8	None	-3
42	K	NS	4	None	None
42	R	-2.0113	283	None	-8.144658243
43	*	-1.6792	401	6	-6.17632271
43	F	-0.1175	130	196	0.478515247
43	W	-0.0197	219	401	0.758844583
43	Y	0.3884	35	129	1.768117454
43	P	-1.0526	8	None	-3
43	M	0.2077	76	210	1.35249122
43	I	0.0765	103	226	1.019851651
43	L	-0.2532	244	276	0.063960335
43	V	0.0411	199	409	0.925505628
43	A	-0.4901	221	144	-0.731804342
43	G	-0.8294	375	99	-2.03521695
43	C	-0.173	128	172	0.31243797
43	S	-0.1771	340	453	0.30014952
43	T	0.0924	58	131	1.061615222
43	N	0	None	None	None
43	Q	-0.0924	58	92	0.551754177
43	D	-0.2094	41	51	0.201046553
43	E	-0.3061	179	180	-0.105789465
43	H	-0.0764	58	95	0.598047829
43	K	-0.2872	122	128	-0.044564122
43	R	-0.1287	393	579	0.445207251
44	*	-1.2556	458	32	-3.953030572
44	F	-0.0814	415	673	0.583668384
44	W	-0.4395	578	426	-0.554042847
44	Y	-0.2379	277	324	0.112281053
44	P	-2.0541	315	1	-8.413034803
44	M	-0.4101	301	238	-0.452628698
44	I	0	None	None	None
44	L	-0.7474	839	279	-1.702232473
44	V	0.078	800	1760	1.023676739
44	A	-1.0853	377	46	-3.148685542
44	G	-1.7321	1564	19	-6.476924068
44	C	-0.8231	584	157	-2.009030594
44	S	-1.4255	750	29	-4.806592575
44	T	-0.988	218	36	-2.712086108
44	N	-1.104	174	20	-3.234842185
44	Q	-1.6817	135	2	-6.190642381
44	D	-2.0041	507	2	-8.099668721
44	E	-1.3266	365	20	-4.303651343
44	H	-1.2791	93	6	-4.068023095
44	K	-1.6462	294	5	-5.991571034
44	R	-1.535	1119	29	-5.38384011
45	*	-1.0854	287	35	-3.149450694
45	F	-1.7461	87	1	-6.55677028
45	W	-1.0721	228	29	-3.088735803
45	Y	-0.8693	85	20	-2.201289626
45	P	-1.4756	93	3	-5.068023095
45	M	-0.8677	110	26	-2.19474678
45	I	-0.8578	185	45	-2.153355149
45	L	-1.3997	283	12	-4.673522526
45	V	-1.9282	367	2	-7.633463037
45	A	-0.4672	457	315	-0.650669121
45	G	0.3161	510	1682	1.607781769
45	C	-1.4604	352	12	-4.988295902
45	S	-0.3621	486	430	-0.290446438
45	T	-1.0609	296	39	-3.037877931
45	N	0	None	None	None
45	Q	-0.6808	158	63	-1.440327609
45	D	-0.1188	137	206	0.47464166
45	E	-0.4198	277	214	-0.486101964
45	H	-0.8854	98	22	-2.26910501
45	K	-1.0387	177	25	-2.937576145
45	R	-1.4729	614	20	-5.053993535
46	*	-1.672	130	2	-6.136194597
46	F	-1.7461	87	1	-6.55677028
46	W	-1.4573	29	1	-4.971807779
46	Y	-0.6376	38	17	-1.274291457
46	P	-1.4049	26	None	-4.700439718
46	M	-1.7483	95	None	-6.569855608
46	I	-0.9408	126	24	-2.506144207
46	L	-1.9021	178	None	-7.475733431
46	V	-1.3145	210	12	-4.243109801
46	A	-1.0176	126	19	-2.843179194
46	G	0.3902	322	1190	1.772002196
46	C	-1.9327	187	1	-7.660721244
46	S	-0.1635	89	122	0.341177122
46	T	-1.359	143	7	-4.466343199
46	N	0	None	None	None
46	Q	-0.5898	75	38	-1.094717961
46	D	-0.3314	218	207	-0.188524152
46	E	-0.4081	73	58	-0.445670348
46	H	-0.9387	193	37	-2.496830456
46	K	-1.0071	122	19	-2.796636608
46	R	-1.0561	157	21	-3.01613011
47	*	-0.9002	107	23	-2.331731815
47	F	-0.8942	32	7	-2.306471862
47	W	NS	3	None	None
47	Y	NS	None	None	None
47	P	-0.2304	53	63	0.135532685
47	M	-0.5132	26	16	-0.814266502
47	I	-0.4525	14	10	-0.599253611
47	L	-0.4335	111	83	-0.533203219
47	V	0.0203	127	251	0.869032083
47	A	0.0455	97	201	0.937312065
47	G	-1.3611	391	19	-4.476924068
47	C	-0.4037	71	57	-0.43068389
47	S	0	None	None	None
47	T	0.1664	87	224	1.250584642
47	N	-0.4852	47	31	-0.714219326
47	Q	NS	3	23	2.824772671
47	D	NS	4	36	3.056098217
47	E	0.6259	34	174	2.24165387
47	H	0.4183	34	131	1.832133376
47	K	0.1913	48	129	1.31243797
47	R	0.0591	80	170	0.973636057
48	*	-1.7052	148	2	-6.32328015
48	F	-0.9408	147	28	-2.506144207
48	W	-0.084	150	242	0.576217762
48	Y	-0.8978	5	None	-2.321928095
48	P	-1.1076	44	5	-3.251330308
48	M	-0.2609	107	119	0.039523993
48	I	-0.122	158	236	0.465035517
48	L	-0.3994	238	193	-0.41618751
48	V	0	None	None	None
48	A	-0.4916	134	87	-0.736972479
48	G	-1.3239	922	51	-4.290024383
48	C	-0.8666	194	46	-2.19017767
48	S	0.0486	512	1067	0.945517676
48	T	0.2211	23	65	1.384979073
48	N	-0.4748	34	23	-0.67772767
48	Q	-0.2557	24	27	0.056098217
48	D	-1.1084	247	28	-3.254839094
48	E	-1.6435	291	5	-5.976774032
48	H	-0.2232	53	64	0.158252761
48	K	0.1392	90	221	1.182222679
48	R	-0.228	467	558	0.143015788
49	*	NS	None	None	None
49	F	0	None	None	None
49	W	-0.4031	51	41	-0.428700122
49	Y	0.3356	15	51	1.651707962
49	P	-1.5024	37	None	-5.209453366
49	M	-0.8759	13	3	-2.229304002
49	I	-1.0572	30	4	-3.02071738
49	L	-0.6688	68	28	-1.393934704
49	V	-1.1765	44	4	-3.573258403
49	A	-1.6671	69	None	-6.108524457
49	G	-1.8633	140	1	-7.243109801
49	C	-0.985	24	4	-2.698789285
49	S	-0.6021	110	54	-1.140298996
49	T	-1.5491	44	None	-5.459431619
49	N	NS	None	None	None
49	Q	-1.0899	9	None	-3.169925001
49	D	-1.0161	33	5	-2.836292809
49	E	NS	None	None	None
49	H	-0.8116	72	20	-1.961823691
49	K	-1.3576	22	None	-4.459431619
49	R	-1.8953	173	None	-7.434628228
50	*	-1.4111	958	39	-4.732306411
50	F	-1.7566	363	4	-6.617652522
50	W	-1.8581	274	2	-7.211858867
50	Y	-1.1459	219	22	-3.429182225
50	P	-1.4666	240	8	-5.02071738
50	M	-1.6632	314	5	-6.086519438
50	I	-1.1664	266	25	-3.52525303
50	L	-1.8715	724	5	-7.291744577
50	V	-1.5878	988	21	-5.669876593
50	A	-1.499	608	18	-5.191829296
50	G	-1.3963	1142	49	-4.656463876
50	C	-1.3454	448	23	-4.39761975
50	S	-1.664	504	8	-6.091106708
50	T	-0.6735	423	172	-1.412075883
50	N	-0.7579	257	83	-1.744411902
50	Q	-1.1488	422	42	-3.44260855
50	D	-1.7601	184	2	-6.63738874
50	E	-0.9367	420	81	-2.488222299
50	H	0.0985	120	274	1.077314703
50	K	0	None	None	None
50	R	-0.0146	1365	2524	0.772984175
51	*	-0.7376	120	41	-1.663165375
51	F	-1.8145	124	None	-6.95419631
51	W	-1.7518	89	1	-6.589560215
51	Y	-1.4354	29	None	-4.857980995
51	P	-1.4818	222	7	-5.100887729
51	M	-1.5491	44	None	-5.459431619
51	I	-1.7112	82	None	-6.357552005
51	L	-1.3739	409	19	-4.541856304
51	V	-1.4256	207	8	-4.807313742
51	A	-1.7987	215	2	-6.862019634
51	G	-1.9525	220	None	-7.781359714
51	C	-1.6288	110	2	-5.895186498
51	S	-1.8689	155	None	-7.276124405
51	T	-1.0557	112	15	-3.014291111
51	N	-1.5551	45	None	-5.491853096
51	Q	0	None	None	None
51	D	-1.486	161	5	-5.122815568
51	E	-1.3488	138	7	-4.414996319
51	H	-0.7328	130	45	-1.644341501
51	K	-0.8429	63	16	-2.091106708
51	R	-0.8042	409	116	-1.931802822
52	*	-1.2382	54	4	-3.868714286
52	F	-0.7271	182	64	-1.621621425
52	W	-0.3086	42	42	-0.113826784
52	Y	0	None	None	None
52	P	-1.6919	76	None	-6.247927513
52	M	-1.0273	82	12	-2.886416288
52	I	-1.5491	44	None	-5.459431619
52	L	-1.3801	176	8	-4.573258403
52	V	-1.9448	213	None	-7.73470962
52	A	-1.7733	105	None	-6.714245518
52	G	-1.9214	193	None	-7.592457037
52	C	-0.796	93	27	-1.898098093
52	S	-1.6056	151	3	-5.767269023
52	T	-1.5722	48	None	-5.584962501
52	N	-0.6796	30	12	-1.435754879
52	Q	-1.5609	46	None	-5.523561956
52	D	-0.0677	6	10	0.62313881
52	E	-1.4793	34	None	-5.087462841
52	H	-0.5887	61	31	-1.090367812
52	K	-1.5701	44	1	-5.573258403
52	R	-1.5984	53	None	-5.727920455
53	*	-1.2944	490	30	-4.143574128
53	F	0	None	None	None
53	W	-1.6707	388	6	-6.128777126
53	Y	-0.9808	77	13	-2.680173607
53	P	-1.6836	136	2	-6.201289626
53	M	-1.4132	198	8	-4.743183404
53	I	-0.971	92	16	-2.63738874
53	L	-1.181	480	43	-3.594452625
53	V	-1.6517	841	14	-6.022433853
53	A	-2.0488	333	None	-8.379378367
53	G	-1.4002	827	35	-4.676287287
53	C	-1.5589	464	11	-5.512376161
53	S	-1.025	475	70	-2.876327471
53	T	-1.5496	163	4	-5.462554939
53	N	-1.4049	26	None	-4.700439718
53	Q	-1.2652	16	None	-4
53	D	-2.0138	286	None	-8.159871337
53	E	-2.0063	277	None	-8.113742166
53	H	-1.8165	125	None	-6.965784285
53	K	-1.6744	71	None	-6.14974712
53	R	-1.8292	365	3	-7.040616937
54	*	-1.8044	110	1	-6.895186498
54	F	0	None	None	None
54	W	-0.435	51	38	-0.538324613
54	Y	0.0041	108	207	0.824772671
54	P	-1.5096	38	None	-5.247927513
54	M	-0.3738	36	31	-0.329555475
54	I	-1.0383	99	14	-2.935828482
54	L	-0.4682	400	275	-0.654395166
54	V	-1.5595	296	7	-5.515925228
54	A	-1.8196	117	1	-6.984191504
54	G	-1.461	147	5	-4.991571034
54	C	-1.6798	268	4	-6.179915975
54	S	-0.9757	210	36	-2.658147301
54	T	-1.5831	50	None	-5.64385619
54	N	-1.2694	30	2	-4.02071738
54	Q	NS	None	None	None
54	D	-1.9101	184	None	-7.523561956
54	E	-1.5235	40	None	-5.321928095
54	H	-1.7561	98	None	-6.614709844
54	K	-1.6352	61	None	-5.930737338
54	R	-1.9952	264	None	-8.044394119
55	*	-0.595	36	18	-1.113826784
55	F	-1.7203	85	None	-6.409390936
55	W	-1.6633	68	None	-6.087462841
55	Y	-1.6082	55	None	-5.781359714
55	P	-1.4155	27	None	-4.754887502
55	M	NS	1	None	None
55	I	-1.1524	11	None	-3.459431619
55	L	-1.9629	230	None	-7.845490051
55	V	-0.7465	114	38	-1.698789285
55	A	-1.329	92	5	-4.315460646
55	G	-0.5007	178	113	-0.769381253
55	C	-1.2255	14	None	-3.807354922
55	S	-1.7319	89	None	-6.475733431
55	T	-1.3702	85	4	-4.52321772
55	N	-1.0096	7	None	-2.807354922
55	Q	-0.7843	10	3	-1.850792379
55	D	-0.5233	40	24	-0.850792378
55	E	0	None	None	None
55	H	NS	2	None	None
55	K	-0.5143	44	27	-0.818370901
55	R	-1.2382	81	6	-3.868714286
56	*	-1.4539	31	None	-4.95419631
56	F	-1.1146	27	3	-3.283751786
56	W	-1.6557	61	1	-6.044564122
56	Y	-1.1524	11	None	-3.459431619
56	P	-0.9723	127	22	-2.643079852
56	M	-1.6394	62	None	-5.95419631
56	I	-0.0677	15	25	0.62313881
56	L	-1.9239	195	None	-7.607330314
56	V	-1.2765	169	11	-4.055274602
56	A	-0.8514	347	86	-2.126353882
56	G	-1.647	354	6	-5.996469834
56	C	-1.2652	16	None	-4
56	S	-0.5844	144	74	-1.07429842
56	T	0	None	None	None
56	N	-1.0526	8	None	-3
56	Q	-0.9401	110	21	-2.502869075
56	D	-1.6265	59	None	-5.882643049
56	E	-1.3823	24	None	-4.584962501
56	H	-1.6288	110	2	-5.895186498
56	K	-1.0184	113	17	-2.846542905
56	R	-1.1086	309	35	-3.256006795
57	*	-0.4267	25	19	-0.509755461
57	F	-1.5024	37	None	-5.209453366
57	W	-1.9311	201	None	-7.651051691
57	Y	-1.9114	185	None	-7.531381461
57	P	-0.8016	7	2	-1.921181706
57	M	-1.5577	42	1	-5.506144207
57	I	NS	4	8	0.886173216
57	L	-1.3226	180	10	-4.283751786
57	V	-0.9502	54	10	-2.546786192
57	A	-0.9627	157	28	-2.601092611
57	G	-1.7174	233	3	-6.393050428
57	C	-1.2032	13	None	-3.700439718
57	S	-0.9408	105	20	-2.506144207
57	T	-0.5206	48	29	-0.84080829
57	N	-0.948	118	22	-2.537038215
57	Q	-1.0607	91	12	-3.036658924
57	D	-1.6352	61	None	-5.930737338
57	E	-0.1394	34	49	0.413420219
57	H	NS	None	None	None
57	K	0	None	None	None
57	R	0.0949	387	878	1.068060589
58	*	-0.0577	10	17	0.651707962
58	F	-1.0921	67	8	-3.179915975
58	W	-0.2331	11	13	0.127181315
58	Y	-0.1437	14	20	0.400746389
58	P	-1.4539	31	None	-4.95419631
58	M	-1.4257	28	None	-4.807354922
58	I	NS	None	None	None
58	L	-1.5701	88	2	-5.573258403
58	V	-1.6394	62	None	-5.95419631
58	A	-1.2255	14	None	-3.807354922
58	G	-0.9355	31	6	-2.483060594
58	C	0	None	None	None
58	S	-0.1939	7	9	0.248743295
58	T	NS	1	None	None
58	N	NS	None	None	None
58	Q	NS	2	None	None
58	D	-1.6394	62	None	-5.95419631
58	E	-1.4539	31	None	-4.95419631
58	H	-0.959	6	None	-2.584962501
58	K	NS	None	None	None
58	R	-0.7185	100	36	-1.587757973
59	*	-0.7578	65	21	-1.743877175
59	F	-0.7081	27	10	-1.546786192
59	W	-1.0776	96	12	-3.113826784
59	Y	NS	None	None	None
59	P	0.1371	56	137	1.176850377
59	M	-1.1028	26	3	-3.229304002
59	I	-0.0918	51	81	0.553597877
59	L	-0.0144	133	246	0.773405286
59	V	0.2186	70	197	1.378942018
59	A	1.1457	15	131	3.012705622
59	G	-0.494	141	91	-0.745583497
59	C	NS	None	None	None
59	S	-0.4027	169	136	-0.427243379
59	T	NS	4	13	1.586612934
59	N	NS	None	None	None
59	Q	-0.0953	26	41	0.543285502
59	D	-1.3939	25	None	-4.64385619
59	E	-0.6393	128	57	-1.28093677
59	H	NS	1	None	None
59	K	0.1582	13	33	1.230127617
59	R	0	None	None	None
60	*	-1.0096	7	None	-2.807354922
60	F	-0.8116	18	5	-1.961823691
60	W	NS	None	None	None
60	Y	-0.0534	7	12	0.663780794
60	P	-0.4808	6	4	-0.698789285
60	M	NS	4	6	0.471135716
60	I	-0.595	12	6	-1.113826784
60	L	-0.2267	121	145	0.147219068
60	V	0.0285	137	275	0.891428941
60	A	-0.4681	253	174	-0.653876863
60	G	-0.4298	228	172	-0.520452044
60	C	-1.4756	62	2	-5.068023095
60	S	-0.5346	48	28	-0.891434363
60	T	0.7873	5	31	2.518441431
60	N	0.2823	8	25	1.530029405
60	Q	0.5074	8	35	2.015456233
60	D	0	None	None	None
60	E	0.0026	101	193	0.82041877
60	H	NS	2	2	-0.113826784
60	K	NS	None	None	None
60	R	-0.2331	11	13	0.127181315
61	*	NS	None	None	None
61	F	-0.6529	42	7	-1.709999848
61	W	-1.339	29	None	-4.857980995
61	Y	NS	1	2	1.874962652
61	P	0	None	None	None
61	M	-1.5472	63	None	-5.977279924
61	I	NS	2	3	1.459925153
61	L	-0.3043	81	33	-0.420493231
61	V	-0.4765	75	20	-1.031927943
61	A	-0.3025	66	27	-0.414543965
61	G	-0.249	41	19	-0.234661839
61	C	-1.286	24	None	-4.584962501
61	S	-0.2047	80	41	-0.089413438
61	T	0.326	9	13	1.405477369
61	N	NS	None	None	None
61	Q	-0.4765	45	12	-1.031927943
61	D	NS	None	1	None
61	E	NS	None	5	None
61	H	-0.7547	8	1	-2.125037348
61	K	NS	1	12	3.835501268
61	R	-0.2386	59	28	-0.200325475
62	*	-0.9837	96	6	-3.125037348
62	F	-1.0667	188	9	-3.509701198
62	W	-0.5556	106	23	-1.329395846
62	Y	-0.3051	91	37	-0.423378622
62	P	0.2217	111	134	1.146635976
62	M	0.7998	55	156	2.379005158
62	I	0.6368	49	113	2.080431771
62	L	0.2678	243	318	1.263033104
62	V	0.2234	185	224	1.150936114
62	A	0.1071	453	443	0.842758301
62	G	-0.5889	529	105	-1.457915742
62	C	0.217	137	164	1.134482574
62	S	0.4247	317	537	1.6354019
62	T	0	None	None	None
62	N	0.2026	138	161	1.097355074
62	Q	0.6329	34	78	2.07290203
62	D	-0.7985	100	11	-2.309461919
62	E	-0.1691	137	76	0.024858083
62	H	-0.0885	106	70	0.276325215
62	K	0.0044	90	72	0.553034557
62	R	-0.1399	301	178	0.117076407
63	*	-0.8004	64	7	-2.317682426
63	F	-0.43	10	3	-0.862002942
63	W	-0.4959	67	17	-1.103663697
63	Y	-0.333	113	43	-0.518951555
63	P	0	None	None	None
63	M	0.108	49	48	0.845215309
63	I	0.236	21	26	1.183084948
63	L	-0.0729	318	217	0.323630929
63	V	0.2197	133	160	1.141608312
63	A	0.4001	81	132	1.579506769
63	G	0.5634	180	375	1.933856341
63	C	-0.0234	41	31	0.471606958
63	S	0.4477	139	244	1.686758917
63	T	-0.0493	219	157	0.394796342
63	N	-0.5138	128	31	-1.170841037
63	Q	-0.0402	115	84	0.421790024
63	D	0.1727	19	21	1.019352562
63	E	-0.0155	95	73	0.494931603
63	H	1.1857	5	21	2.94535198
63	K	-0.3547	72	26	-0.594522631
63	R	0.5171	175	341	1.83737947
64	*	-0.5603	42	9	-1.347429769
64	F	-0.2463	311	145	-0.225899028
64	W	-0.2273	191	93	-0.163307365
64	Y	-0.0413	118	86	0.418584358
64	P	0.4066	99	163	1.594334186
64	M	0.1475	109	115	0.952268378
64	I	-0.092	119	78	0.265547108
64	L	0.2094	243	287	1.115057075
64	V	0	None	None	None
64	A	0.3193	203	290	1.389535825
64	G	0.1732	762	843	1.020704286
64	C	-0.6957	311	46	-1.882246162
64	S	0.1578	332	357	0.979703485
64	T	-0.3828	169	57	-0.69302677
64	N	0.6082	55	122	2.024340276
64	Q	0.1707	89	98	1.013939065
64	D	0.1469	167	176	0.950689978
64	E	-0.051	182	130	0.389535825
64	H	-0.1035	136	87	0.230443307
64	K	0.4641	35	63	1.722959559
64	R	-0.2035	541	278	-0.085581059
65	*	-1.5955	76	None	-6.247927513
65	F	-1.0533	120	6	-3.446965443
65	W	-0.5935	102	20	-1.475534595
65	Y	-0.1707	123	68	0.019910988
65	P	-0.3876	60	20	-0.709999848
65	M	-0.2683	88	39	-0.299066747
65	I	0.1398	25	26	0.931546181
65	L	-0.6507	322	54	-1.701066724
65	V	-0.2189	961	477	-0.135584512
65	A	-0.0145	226	174	0.497727186
65	G	0.1181	738	737	0.873006455
65	C	0.4268	163	277	1.639976664
65	S	0.0052	317	254	0.555308309
65	T	0.1322	79	81	0.911031907
65	N	0.7741	76	209	2.334394271
65	Q	0.2786	45	60	1.290000152
65	D	0	None	None	None
65	E	-0.6961	264	39	-1.884029248
65	H	-0.1278	140	85	0.155070572
65	K	0.3269	47	68	1.407836642
65	R	-0.1455	457	267	0.099608229
66	*	-1.3345	314	6	-4.834695596
66	F	-0.6764	237	37	-1.804327231
66	W	-0.8783	150	13	-2.65341632
66	Y	-0.6456	147	25	-1.680853503
66	P	-0.6192	175	32	-1.57624846
66	M	-0.6038	215	41	-1.515678193
66	I	-1.2943	272	6	-4.627537688
66	L	-0.9164	389	30	-2.821773097
66	V	-0.8561	518	48	-2.556883135
66	A	-0.2197	434	215	-0.138395731
66	G	0.4095	422	698	1.60094669
66	C	0.561	184	382	1.928829524
66	S	0	None	None	None
66	T	-0.4269	258	78	-0.850862384
66	N	0.1382	54	56	0.927430072
66	Q	0.1118	75	74	0.855597327
66	D	-0.7756	136	16	-2.212500189
66	E	-1.1053	427	18	-3.693204606
66	H	-0.3487	131	48	-0.573497848
66	K	-0.144	87	51	0.104444498
66	R	-0.5394	627	142	-1.267611861
67	*	-1.8655	229	None	-7.839203788
67	F	-1.0028	34	2	-3.212500189
67	W	-0.885	106	9	-2.683032801
67	Y	-0.7813	121	14	-2.236545663
67	P	-0.7756	136	16	-2.212500189
67	M	-1.1943	128	4	-4.125037348
67	I	-1.056	11	None	-3.459431619
67	L	-1.2415	226	6	-4.360253809
67	V	-0.7934	206	23	-2.287975919
67	A	-0.5884	332	66	-1.45568266
67	G	0	None	None	None
67	C	0.0233	260	216	0.607482341
67	S	-0.7561	241	30	-2.131036088
67	T	-0.4412	48	14	-0.902644926
67	N	-1.5165	56	None	-5.807354922
67	Q	-0.1462	36	21	0.097355074
67	D	-0.61	160	30	-1.540074847
67	E	-1.693	112	None	-6.807354922
67	H	-1.4182	71	1	-5.274784467
67	K	-0.708	63	9	-1.93239227
67	R	-0.9003	506	41	-2.750478918
68	*	-1.344	758	14	-4.883736464
68	F	-1.0982	811	35	-3.659312435
68	W	-0.9911	868	53	-3.158668126
68	Y	-1.0796	523	24	-3.570741983
68	P	-0.6388	652	113	-1.653586539
68	M	-1.0896	518	23	-3.618283679
68	I	-1.0183	518	29	-3.28386464
68	L	-0.9204	1523	116	-2.839756579
68	V	-1.0459	1367	70	-3.412551858
68	A	-1.0658	1250	60	-3.505859132
68	G	-0.9098	2020	159	-2.79229397
68	C	0	None	None	None
68	S	-1.1487	1837	67	-3.902084068
68	T	-1.2463	651	17	-4.38408824
68	N	-0.6529	222	37	-1.709999848
68	Q	-1.1562	478	17	-3.938441314
68	D	-0.8668	546	49	-2.603084644
68	E	-0.8154	602	63	-2.381377101
68	H	-0.9365	276	20	-2.91163371
68	K	-0.9067	365	29	-2.778809006
68	R	-1.0382	2190	115	-3.376262451
69	*	-1.0822	1033	47	-3.583073035
69	F	-0.7289	520	70	-2.018122144
69	W	-1.1969	872	27	-4.13833417
69	Y	-0.8937	254	21	-2.721404612
69	P	-1.0076	725	42	-3.23455711
69	M	-0.643	502	86	-1.670316147
69	I	-0.5887	292	58	-1.456880911
69	L	-0.7812	1417	164	-2.236109386
69	V	-0.0104	1163	903	0.509909448
69	A	0.3022	763	1059	1.347910279
69	G	-0.9032	1880	151	-2.763149555
69	C	-0.1382	588	349	0.122373534
69	S	-0.4381	1575	463	-0.891305078
69	T	0.1348	627	646	0.918031374
69	N	-0.9291	418	31	-2.878200169
69	Q	-0.3001	401	165	-0.40617356
69	D	-1.3458	218	4	-4.893221672
69	E	-1.0673	314	15	-3.512767501
69	H	-0.5391	225	51	-1.266393197
69	K	0.0859	444	417	0.784450359
69	R	0	None	None	None
70	*	-0.9356	344	25	-2.907445913
70	F	-1.1179	371	15	-3.753422129
70	W	-0.9987	537	32	-3.193815626
70	Y	-1.2842	175	4	-4.57624846
70	P	-0.7645	214	26	-2.166064616
70	M	-0.6423	134	23	-1.667564582
70	I	-0.8157	220	23	-2.382835105
70	L	-1.3791	615	10	-5.067551853
70	V	-0.5629	968	206	-1.357400058
70	A	-0.4571	703	197	-0.960366407
70	G	0	None	None	None
70	C	-0.7535	311	39	-2.120405899
70	S	-0.8237	666	68	-2.416952873
70	T	-1.1707	502	17	-4.00911806
70	N	-0.3025	132	54	-0.414543965
70	Q	-0.8265	79	8	-2.428818096
70	D	-0.8109	330	35	-2.362076545
70	E	-1.058	264	13	-3.468991749
70	H	-0.6176	98	18	-1.56982219
70	K	-1.0617	185	9	-3.486493807
70	R	-1.1458	733	27	-3.887819234
71	*	-1.8794	243	None	-7.924812504
71	F	-0.4677	165	45	-0.999506466
71	W	-0.7232	212	29	-1.994976807
71	Y	-0.0631	89	62	0.353425532
71	P	-1.306	189	4	-4.687279772
71	M	-0.3367	175	66	-0.53185434
71	I	0	None	None	None
71	L	-1.0605	430	21	-3.480912774
71	V	0.0463	521	453	0.67319033
71	A	-0.8824	479	41	-2.671367189
71	G	-1.1971	711	22	-4.139311479
71	C	-1.4988	192	2	-5.709999848
71	S	-0.8999	456	37	-2.748473996
71	T	-0.4277	169	51	-0.853491442
71	N	-0.9334	82	6	-2.897626852
71	Q	-1.5344	110	1	-5.906397061
71	D	-1.7661	151	None	-7.238404739
71	E	-0.9688	290	19	-3.057018924
71	H	-1.6085	80	None	-6.321928095
71	K	-1.0719	170	8	-3.534428284
71	R	-1.1498	798	29	-3.907301289
72	*	-1.8137	184	None	-7.523561956
72	F	-0.8732	125	11	-2.631390014
72	W	-0.8727	295	26	-2.629168774
72	Y	-0.6125	145	27	-1.550058936
72	P	-1.4802	179	2	-5.608853125
72	M	-1.2727	168	4	-4.51735477
72	I	-1.5744	70	None	-6.129283017
72	L	-1.0151	442	25	-3.269083717
72	V	-0.7993	483	53	-2.312996272
72	A	-0.8464	283	27	-2.514808088
72	G	-0.8584	891	82	-2.566766965
72	C	-1.0109	157	9	-3.249733095
72	S	-0.9977	368	22	-3.189167685
72	T	-0.8912	228	19	-2.709999848
72	N	-0.4851	161	42	-1.063636803
72	Q	-0.7951	126	14	-2.294962349
72	D	0	None	None	None
72	E	-0.7602	252	31	-2.148120961
72	H	-0.0209	25	19	0.479033976
72	K	-0.9109	102	8	-2.79746269
72	R	-1.0397	555	29	-3.383400314
73	*	-0.8279	357	36	-2.43489261
73	F	-0.9575	221	15	-3.006049311
73	W	-0.7283	178	24	-2.015808278
73	Y	-0.2714	75	33	-0.309461919
73	P	-0.2712	159	70	-0.308637286
73	M	-0.4597	97	27	-0.970062688
73	I	-0.5124	181	44	-1.165451616
73	L	-0.7338	452	60	-2.038325714
73	V	-0.1266	184	112	0.158755618
73	A	-0.186	393	210	-0.029177332
73	G	0.0197	394	325	0.597206741
73	C	-1.3349	262	5	-4.836532254
73	S	0	None	None	None
73	T	0.06	234	209	0.711957065
73	N	0.0424	124	107	0.662233328
73	Q	-0.131	136	82	0.145051816
73	D	0.0424	197	170	0.662301769
73	E	-0.1579	204	116	0.060518305
73	H	0.2316	70	86	1.17194439
73	K	0.498	104	197	1.796574754
73	R	0.09	505	478	0.795689883
74	*	-0.9317	367	27	-2.889786098
74	F	-0.5395	53	12	-1.267995302
74	W	-1.8062	327	1	-7.478184173
74	Y	-1.0683	105	5	-3.51735477
74	P	-0.9077	202	16	-2.78324883
74	M	-0.2843	185	79	-0.35263806
74	I	0.288	31	42	1.313083765
74	L	-0.2849	598	255	-0.354685585
74	V	-0.228	327	159	-0.165301218
74	A	0.1381	299	310	0.927085383
74	G	-0.478	640	170	-1.037574506
74	C	-0.6235	166	30	-1.593186183
74	S	0.0483	236	206	0.67882013
74	T	0.6676	67	161	2.13979034
74	N	-0.2941	278	116	-0.385997425
74	Q	0.1741	148	164	1.023061291
74	D	0.0288	150	126	0.623423885
74	E	0.0434	325	281	0.665093065
74	H	-0.0771	34	23	0.311061767
74	K	0	None	None	None
74	R	-0.0125	520	402	0.50364653
75	*	-1.2754	212	5	-4.531029707
75	F	-0.1789	105	57	-0.006392851
75	W	-0.766	124	15	-2.172343062
75	Y	0.1714	117	129	1.015825188
75	P	-1.0355	321	17	-3.364003994
75	M	-0.0432	135	98	0.412856899
75	I	0.7469	47	125	2.286158085
75	L	0.2887	429	582	1.315004158
75	V	0.2676	240	314	1.262692806
75	A	0.1158	171	170	0.866501074
75	G	-0.2703	374	165	-0.305609593
75	C	-1.0745	150	7	-3.546501116
75	S	-0.1962	402	210	-0.061843521
75	T	0.2306	159	195	1.169410011
75	N	0.3446	98	146	1.450077367
75	Q	-0.1266	253	154	0.158755618
75	D	0.0277	105	88	0.620148753
75	E	0.3543	111	168	1.472864209
75	H	0	None	None	None
75	K	0.1526	123	131	0.965871149
75	R	-0.2405	455	215	-0.206567233
76	*	-0.8293	478	48	-2.440941655
76	F	0.1604	261	282	0.986608008
76	W	0	None	None	None
76	Y	0.5976	70	153	2.003067478
76	P	-1.2699	208	5	-4.503548971
76	M	0.254	72	92	1.228599607
76	I	-0.6747	153	24	-1.79746269
76	L	-0.8421	538	52	-2.496059992
76	V	-1.056	565	28	-3.459789483
76	A	-0.9758	515	33	-3.08907185
76	G	-0.4691	872	237	-1.004478424
76	C	-0.6669	237	38	-1.765853083
76	S	-0.5969	664	129	-1.488849524
76	T	-0.5576	278	60	-1.337087825
76	N	-0.435	135	40	-0.87992485
76	Q	-0.1862	88	47	-0.029880115
76	D	-0.2244	51	25	-0.1536065
76	E	-0.5563	157	34	-1.332195255
76	H	-0.1853	71	38	-0.026856954
76	K	-0.8285	149	15	-2.437315273
76	R	-0.5636	612	130	-1.360057377
77	*	-0.9812	127	8	-3.113722034
77	F	-0.5198	130	31	-1.19320885
77	W	-1.3363	158	3	-4.843855595
77	Y	-0.4041	100	32	-0.768893537
77	P	-0.8939	121	10	-2.72197249
77	M	-0.8542	236	22	-2.548248778
77	I	-0.5231	165	39	-1.205957343
77	L	-0.8071	289	31	-2.34576672
77	V	-0.7449	280	36	-2.084395363
77	A	0.043	169	146	0.663907775
77	G	0.0292	389	327	0.624483133
77	C	-0.7874	88	10	-2.262540871
77	S	-0.3116	442	177	-0.445334357
77	T	0.1731	132	146	1.020393092
77	N	0	None	None	None
77	Q	0.7785	51	141	2.342088663
77	D	0.1093	168	165	0.848967444
77	E	0.1394	229	238	0.930576628
77	H	-0.4171	142	44	-0.815352849
77	K	0.101	120	116	0.826053052
77	R	-0.1453	426	249	0.100254964
78	*	-1.2508	389	10	-4.406735598
78	F	-1.2285	324	9	-4.294962349
78	W	-0.9718	601	39	-3.07085631
78	Y	-0.9309	217	16	-2.88658858
78	P	-0.7608	228	28	-2.15057244
78	M	-0.7883	150	17	-2.266393197
78	I	-1.5082	199	2	-5.761661968
78	L	-1.3034	796	17	-4.674199127
78	V	-1.1053	925	39	-3.692944684
78	A	-0.9043	937	75	-2.768123895
78	G	-1.0522	2252	113	-3.441849497
78	C	-1.2849	570	13	-4.579415739
78	S	0	None	None	None
78	T	-0.9318	272	20	-2.890572094
78	N	-0.2069	100	51	-0.096468195
78	Q	-0.5905	86	17	-1.463839261
78	D	-1.4173	283	4	-5.269695591
78	E	-0.9609	417	28	-3.021585999
78	H	-0.2292	99	48	-0.169431467
78	K	-0.7057	153	22	-1.922993572
78	R	-0.8344	829	82	-2.462713635
79	*	-1.0375	399	21	-3.372964861
79	F	0.0668	137	124	0.73112688
79	W	-0.1254	136	83	0.162539242
79	Y	0	None	None	None
79	P	-0.6968	156	23	-1.88687761
79	M	0.2786	102	136	1.290000152
79	I	-0.1651	218	122	0.037515665
79	L	0.215	311	371	1.129467259
79	V	0.1803	307	344	1.039132562
79	A	0.5109	289	558	1.824158282
79	G	0.3284	593	860	1.411267207
79	C	0.532	114	227	1.868621125
79	S	0.5079	373	717	1.817760141
79	T	0.532	233	464	1.868757503
79	N	0.2326	156	192	1.174522934
79	Q	1.9786	31	204	3.593191684
79	D	0.3831	99	157	1.540226781
79	E	0.5525	117	240	1.911488528
79	H	0.5187	64	125	1.840746937
79	K	0.0099	382	309	0.568996852
79	R	0.5675	430	901	1.942153099
80	*	-1.1425	725	27	-3.87198703
80	F	-0.8934	290	24	-2.719983937
80	W	-0.7174	381	53	-1.970764081
80	Y	-0.7684	333	40	-2.18248762
80	P	-0.8842	188	16	-2.679626199
80	M	-1.8582	222	None	-7.794415866
80	I	-1.645	339	2	-6.530178811
80	L	-1.1258	965	38	-3.791494966
80	V	-1.1215	726	29	-3.770882091
80	A	-0.9879	454	28	-3.144230913
80	G	-0.8768	919	80	-2.647030304
80	C	0	None	None	None
80	S	-1.165	898	31	-3.981412672
80	T	-1.1971	420	13	-4.138843147
80	N	-1.8057	178	None	-7.475733431
80	Q	-0.7258	162	22	-2.005455732
80	D	-0.7023	124	18	-1.909308657
80	E	-1.0901	406	18	-3.620448263
80	H	-1.5344	330	3	-5.906397061
80	K	-1.0997	163	7	-3.66641058
80	R	-0.9007	1149	93	-2.752041619
81	*	-1.3436	919	17	-4.881495558
81	F	-0.9673	942	62	-3.050424287
81	W	-1.0351	1188	63	-3.362076545
81	Y	-0.8347	506	50	-2.464174733
81	P	-0.8383	583	57	-2.479499407
81	M	-0.6809	454	70	-1.822302818
81	I	-0.8197	571	59	-2.399741234
81	L	-1.022	1699	94	-3.300918633
81	V	-0.9985	1794	107	-3.192534536
81	A	-0.0027	875	690	0.532275997
81	G	0.1602	3544	3828	0.986174878
81	C	-1.108	1077	45	-3.705986786
81	S	0.108	1525	1494	0.845333558
81	T	0	None	None	None
81	N	0.0703	496	452	0.740945304
81	Q	0.0473	303	264	0.676182788
81	D	0.5822	596	1275	1.972075664
81	E	0.3567	768	1167	1.478588997
81	H	0.1214	412	414	0.881949083
81	K	0.3014	391	542	1.346086896
81	R	0.0937	2035	1940	0.80599051
82	*	-1.3045	329	7	-4.679626199
82	F	-1.7527	262	1	-7.158460349
82	W	-0.8936	133	11	-2.720888165
82	Y	-0.9077	101	8	-2.78324883
82	P	0.0922	202	192	0.80171367
82	M	-1.5669	68	None	-6.087462841
82	I	-0.2549	70	32	-0.254320365
82	L	-1.1319	311	12	-3.820845617
82	V	-1.1211	400	16	-3.768893537
82	A	-0.335	441	167	-0.525967901
82	G	-0.5259	456	107	-1.216460375
82	C	-0.9602	208	14	-3.018122144
82	S	-0.2515	510	235	-0.242873838
82	T	0	None	None	None
82	N	-0.2245	202	99	-0.15389221
82	Q	-0.0326	155	115	0.444328298
82	D	-1.0184	268	15	-3.284235943
82	E	-0.3241	229	89	-0.488507705
82	H	-0.8523	96	9	-2.540074847
82	K	-0.9045	150	12	-2.768893537
82	R	-1.034	526	28	-3.356601415
83	*	-1.6487	172	1	-6.551302102
83	F	-0.9859	145	9	-3.135021436
83	W	-0.7855	175	20	-2.254320365
83	Y	-1.2203	105	3	-4.254320365
83	P	-1.2831	305	7	-4.570347858
83	M	-1.2587	200	5	-4.446965443
83	I	-0.6322	136	24	-1.627537688
83	L	-0.8395	349	34	-2.484657733
83	V	-0.988	373	23	-3.144507212
83	A	-0.3259	385	149	-0.494583463
83	G	-0.7029	821	119	-1.911457996
83	C	-1.4932	282	3	-5.679626199
83	S	0.1075	376	368	0.843935757
83	T	0	None	None	None
83	N	0.6138	51	114	2.035427325
83	Q	NS	1	61	3.835501268
83	D	-0.0472	125	90	0.401031464
83	E	0.0714	219	200	0.744031782
83	H	0.6002	31	68	2.008229183
83	K	0.5118	75	145	1.826053052
83	R	-0.1431	596	350	0.107005244
84	*	-1.4401	77	1	-5.391823888
84	F	-1.5472	63	None	-5.977279924
84	W	-0.9045	50	4	-2.768893537
84	Y	-0.3146	83	33	-0.45568266
84	P	-0.6322	119	21	-1.627537688
84	M	-1.497	52	None	-5.700439718
84	I	-1.0265	10	None	-3.321928095
84	L	-0.2689	61	27	-0.300887183
84	V	-1.5272	214	2	-5.866504334
84	A	-1.0347	113	6	-3.360253809
84	G	-0.1238	405	248	0.167380865
84	C	-0.8706	124	11	-2.619802039
84	S	0.5069	62	119	1.815584105
84	T	-0.8438	52	5	-2.503548971
84	N	-0.4785	49	13	-1.039307474
84	Q	0.0183	62	51	0.593191684
84	D	-0.096	20	13	0.253474276
84	E	-1.1653	29	1	-3.983018343
84	H	0	None	None	None
84	K	-0.4934	47	12	-1.094663699
84	R	-0.8105	339	36	-2.360253809
85	*	-1.3345	157	3	-4.834695596
85	F	-0.8057	65	7	-2.340050239
85	W	-1.6184	305	2	-6.37770278
85	Y	-1.7645	150	None	-7.228818691
85	P	-0.4944	106	27	-1.0980703
85	M	-1.4634	84	1	-5.51735477
85	I	-0.4587	86	24	-0.966339602
85	L	-0.8715	407	36	-2.623997331
85	V	-1.0439	291	15	-3.403022095
85	A	-0.0835	442	295	0.291631237
85	G	0.4181	668	1120	1.620541377
85	C	-1.1199	249	10	-3.763111185
85	S	0.1545	479	512	0.971080807
85	T	0	None	None	None
85	N	-0.7575	121	15	-2.137009989
85	Q	-1.0464	176	9	-3.414543965
85	D	-0.6676	75	12	-1.768893537
85	E	-0.8265	79	8	-2.428818096
85	H	-0.7547	112	14	-2.125037348
85	K	-0.8373	102	10	-2.475534595
85	R	-0.7499	505	64	-2.105176925
86	*	-1.2727	84	2	-4.51735477
86	F	0	None	None	None
86	W	0.3869	47	75	1.549192491
86	Y	0.3108	49	69	1.368777265
86	P	-1.3747	33	None	-5.044394119
86	M	NS	None	7	None
86	I	-0.6668	106	17	-1.765494961
86	L	-0.5056	194	48	-1.139987689
86	V	-0.9966	100	6	-3.183931037
86	A	-0.8523	96	9	-2.540074847
86	G	-1.5437	342	3	-5.957927362
86	C	-0.7636	156	19	-2.162512053
86	S	-0.7305	209	28	-2.025041558
86	T	-0.4095	38	12	-0.78800236
86	N	-0.9975	117	7	-3.188047145
86	Q	-0.5681	81	17	-1.377424509
86	D	-0.312	5	2	-0.446965443
86	E	-1.6148	82	None	-6.357552005
86	H	-0.4851	23	6	-1.063636803
86	K	-0.5549	23	5	-1.326671209
86	R	-1.1271	153	6	-3.79746269
87	*	-1.722	126	None	-6.977279924
87	F	-0.4677	44	12	-0.999506466
87	W	-0.9953	83	5	-3.178148684
87	Y	-0.2156	12	6	-0.125037348
87	P	-0.5861	20	4	-1.446965443
87	M	-0.5016	8	2	-1.125037348
87	I	-0.4121	51	16	-0.79746269
87	L	-1.1988	195	6	-4.147405161
87	V	0	None	None	None
87	A	-0.3096	87	35	-0.438697827
87	G	-1.0933	228	10	-3.635999267
87	C	-1.0375	38	2	-3.372964861
87	S	-0.4275	53	16	-0.852957802
87	T	-1.4294	74	1	-5.334490713
87	N	-0.7436	31	4	-2.079233658
87	Q	-0.708	70	10	-1.93239227
87	D	-0.8239	49	5	-2.417819097
87	E	-1.0265	10	None	-3.321928095
87	H	NS	None	None	None
87	K	-0.9562	8	None	-3
87	R	-1.5345	60	None	-5.906890596
88	*	-1.0172	267	15	-3.278842684
88	F	-1.1329	156	6	-3.825477066
88	W	-1.1441	189	7	-3.87992485
88	Y	-0.6768	109	17	-1.805758831
88	P	0.7082	137	347	2.215722422
88	M	-0.992	230	14	-3.163172477
88	I	-0.9837	16	1	-3.125037348
88	L	-1.1687	528	18	-3.999506466
88	V	-0.9868	307	19	-3.13920468
88	A	-1.1619	86	3	-3.966339602
88	G	-1.2458	497	13	-4.381699671
88	C	-0.8589	185	17	-2.568955967
88	S	-0.7852	306	35	-2.253142173
88	T	-0.8852	330	28	-2.68400464
88	N	0.1077	48	47	0.844589003
88	Q	-0.2705	127	56	-0.306367112
88	D	-1.1262	178	7	-3.793415857
88	E	-0.6566	297	49	-1.724646624
88	H	-0.375	32	11	-0.665605729
88	K	0	None	None	None
88	R	0.0214	644	533	0.602037497
89	*	-0.9935	9	None	-3.169925001
89	F	-1.2612	22	None	-4.459431619
89	W	-1.5921	75	None	-6.228818691
89	Y	-1.3045	47	1	-4.679626199
89	P	-0.3971	43	14	-0.74394718
89	M	-0.8626	6	None	-2.584962501
89	I	NS	None	None	None
89	L	-1.1881	94	3	-4.094663699
89	V	-0.8156	239	25	-2.382047966
89	A	0	None	None	None
89	G	-0.9006	210	17	-2.751820024
89	C	-0.4233	59	18	-0.837755396
89	S	-0.8103	160	17	-2.359502601
89	T	-0.5541	179	39	-1.323450906
89	N	-0.6129	43	8	-1.551302102
89	Q	-1.0265	10	None	-3.321928095
89	D	-0.0717	19	13	0.327474857
89	E	-0.2534	109	50	-0.249365483
89	H	-1.3747	33	None	-5.044394119
89	K	-1.1753	60	2	-4.031927943
89	R	-1.8804	244	None	-7.930737338
90	*	-1.0273	239	13	-3.325464438
90	F	-0.3484	60	22	-0.572496325
90	W	-0.6118	134	25	-1.547270348
90	Y	-1.1088	24	1	-3.709999848
90	P	-1.3829	34	None	-5.087462841
90	M	-0.5419	40	9	-1.277040441
90	I	-0.5428	49	11	-1.280315573
90	L	0	None	None	None
90	V	-1.4537	162	2	-5.464887351
90	A	-1.3824	249	4	-5.08503928
90	G	-1.6082	293	2	-6.319794202
90	C	-0.8193	29	3	-2.398055842
90	S	-0.6252	189	34	-1.599816931
90	T	-1.4587	45	None	-5.491853096
90	N	NS	4	None	None
90	Q	-0.6238	72	13	-1.594522631
90	D	-1.6493	94	None	-6.554588852
90	E	-1.4366	76	1	-5.372964861
90	H	-1.5388	61	None	-5.930737338
90	K	-0.9254	40	3	-2.862002942
90	R	-1.904	270	None	-8.076815597
91	*	-1.6546	96	None	-6.584962501
91	F	-1.3407	107	2	-4.866504334
91	W	-1.6466	93	None	-6.539158811
91	Y	-0.9692	107	7	-3.059149412
91	P	-1.8517	216	None	-7.754887502
91	M	-1.0653	104	5	-3.503548971
91	I	0.1645	203	221	0.997529295
91	L	-1.1504	386	14	-3.910139463
91	V	0.4122	469	779	1.606998058
91	A	-0.4693	335	91	-1.005259993
91	G	-1.0251	493	27	-3.315593682
91	C	0.9261	66	216	2.585456035
91	S	-0.7771	333	39	-2.219013496
91	T	0	None	None	None
91	N	-1.0845	155	7	-3.593806831
91	Q	-1.6384	90	None	-6.491853096
91	D	-1.022	235	13	-3.301114576
91	E	-1.2515	78	2	-4.410439567
91	H	-1.1211	175	7	-3.768893537
91	K	-1.5301	59	None	-5.882643049
91	R	-1.5527	354	3	-6.007680397
92	*	-1.6801	195	1	-6.732367661
92	F	3.1255	7	54	3.822495232
92	W	0.2896	251	341	1.317047027
92	Y	0.0755	88	81	0.755381037
92	P	-1.0826	12	None	-3.584962501
92	M	0	None	None	None
92	I	0.2269	87	106	1.159939611
92	L	0.2312	123	151	1.170852886
92	V	0.2135	174	207	1.125506114
92	A	-0.5613	131	28	-1.351105427
92	G	-1.0896	518	23	-3.618283679
92	C	-0.708	63	9	-1.93239227
92	S	0.199	201	233	1.088097106
92	T	0.2517	99	126	1.222885956
92	N	NS	None	16	None
92	Q	-0.1196	89	55	0.180588935
92	D	NS	None	48	None
92	E	-0.2156	32	16	-0.125037348
92	H	0.889	21	66	2.527039349
92	K	-0.4851	69	18	-1.063636803
92	R	-0.8618	461	42	-2.581342865
93	*	-1.7771	158	None	-7.303780748
93	F	0.0818	88	82	0.773083038
93	W	0.0248	54	45	0.611928246
93	Y	-0.0723	161	110	0.325405488
93	P	-1.2076	67	2	-4.191126538
93	M	-0.4095	38	12	-0.78800236
93	I	0.1946	20	23	1.076596513
93	L	-0.1008	171	110	0.238469851
93	V	0.2753	178	236	1.281872271
93	A	-0.315	214	85	-0.457113398
93	G	-0.9119	486	38	-2.801922338
93	C	-0.7974	145	16	-2.304946438
93	S	-0.1574	130	74	0.062048205
93	T	-0.4207	127	39	-0.828319816
93	N	-0.1699	65	36	0.022519841
93	Q	0.2114	27	32	1.12007515
93	D	0	None	None	None
93	E	0.4588	28	50	1.71146392
93	H	0.1865	15	17	1.055534898
93	K	-0.6333	108	19	-1.631997336
93	R	-0.1786	162	88	-0.005455732
94	*	-1.6021	78	None	-6.285402219
94	F	-1.3663	32	None	-5
94	W	-0.5466	45	10	-1.294962349
94	Y	-0.5861	25	5	-1.446965443
94	P	-1.5744	70	None	-6.129283017
94	M	-0.0274	12	9	0.459925153
94	I	-1.4919	51	None	-5.672425342
94	L	-0.8699	45	4	-2.616890444
94	V	-0.6309	96	17	-1.622537007
94	A	-0.1768	77	42	0.000493534
94	G	0	None	None	None
94	C	-0.5151	116	28	-1.175663421
94	S	-0.1881	94	50	-0.03577001
94	T	-0.3213	23	9	-0.478674302
94	N	0.1189	9	9	0.874962652
94	Q	NS	2	7	2.682317574
94	D	-0.0319	109	81	0.44662833
94	E	-0.5861	30	6	-1.446965443
94	H	NS	None	4	None
94	K	NS	None	12	None
94	R	-0.5094	200	49	-1.154183693
95	*	-1.1142	171	7	-3.735534941
95	F	-0.4724	167	45	-1.016888544
95	W	-0.498	107	27	-1.111616832
95	Y	-0.0415	70	51	0.418104977
95	P	-0.7046	104	15	-1.91858647
95	M	NS	2	51	3.835501268
95	I	-0.3834	98	33	-0.695353072
95	L	0.1359	123	127	0.921132834
95	V	-0.0015	253	200	0.535825267
95	A	-0.0188	152	116	0.485016134
95	G	0.4018	317	518	1.58343191
95	C	-0.5395	106	24	-1.267995302
95	S	-0.0469	254	183	0.401977804
95	T	0.1948	113	130	1.077151503
95	N	0.572	46	97	1.951313538
95	Q	-0.0797	55	37	0.303056304
95	D	1.5697	34	187	3.334394271
95	E	-0.0255	89	67	0.465318412
95	H	-0.3273	70	27	-0.499432862
95	K	0	None	None	None
95	R	0.2277	109	133	1.162060763
96	*	-0.3285	78	30	-0.503548971
96	F	-0.4467	73	21	-0.922544484
96	W	-1.1679	117	4	-3.995402067
96	Y	NS	2	11	3.334394271
96	P	-0.8842	47	4	-2.679626199
96	M	-0.0423	22	16	0.415531034
96	I	0.0348	40	34	0.640497399
96	L	-0.1278	112	68	0.155070572
96	V	0.0614	182	163	0.715896166
96	A	0.2695	80	105	1.267280075
96	G	-0.2838	414	177	-0.350918755
96	C	-1.4932	94	1	-5.679626199
96	S	0.1756	117	130	1.026965746
96	T	-0.067	55	38	0.341530452
96	N	1.0951	8	31	2.829158963
96	Q	0	None	None	None
96	D	0.3018	62	86	1.347031097
96	E	0.1851	92	104	1.051840414
96	H	-0.4444	197	57	-0.914199153
96	K	0.1222	157	158	0.884122652
96	R	0.1231	252	254	0.886367416
97	*	-1.4144	70	1	-5.254320365
97	F	-1.2325	146	4	-4.314861907
97	W	-0.4494	84	24	-0.93239227
97	Y	-1.1704	59	2	-4.007680397
97	P	-0.278	180	78	-0.331488225
97	M	0.442	50	87	1.674049958
97	I	0.8332	60	177	2.435677607
97	L	-0.0007	293	232	0.538186793
97	V	0.4249	409	693	1.635717162
97	A	0	None	None	None
97	G	-1.2203	595	17	-4.254320365
97	C	-0.7062	195	28	-1.925012739
97	S	-0.949	373	26	-2.96762945
97	T	-0.1137	155	97	0.198751089
97	N	-1.0001	118	7	-3.200325475
97	Q	-0.708	49	7	-1.93239227
97	D	-0.8625	88	8	-2.584468966
97	E	-1.0119	105	6	-3.254320365
97	H	-1.2612	22	None	-4.459431619
97	K	NS	1	None	None
97	R	-1.0163	284	16	-3.274784467
98	*	-1.7443	138	None	-7.108524457
98	F	-0.8502	106	10	-2.531029707
98	W	-1.5437	114	1	-5.957927362
98	Y	-1.6466	93	None	-6.539158811
98	P	-1.0712	106	5	-3.531029707
98	M	-0.3876	48	16	-0.709999848
98	I	-1.6673	101	None	-6.658211483
98	L	-0.5801	246	50	-1.423695663
98	V	-0.5639	391	83	-1.361022714
98	A	0	None	None	None
98	G	-0.0912	166	109	0.268107546
98	C	-1.2102	169	5	-4.203988689
98	S	-0.1084	109	69	0.215302784
98	T	-0.4038	153	49	-0.767715346
98	N	-0.8355	71	7	-2.467429545
98	Q	-0.6322	17	3	-1.627537688
98	D	NS	2	13	3.57540237
98	E	-0.5836	144	29	-1.436981354
98	H	-1.3791	123	2	-5.067551853
98	K	0.8127	25	72	2.401031464
98	R	-0.0137	236	182	0.500114243
99	*	-0.8215	253	26	-2.407591204
99	F	-1.1394	186	7	-3.856841237
99	W	0	None	None	None
99	Y	-1.0507	119	6	-3.43489261
99	P	-1.3769	122	2	-5.055774685
99	M	-1.2906	179	4	-4.608853125
99	I	-1.3754	182	3	-5.047869487
99	L	-0.5619	314	67	-1.353568906
99	V	-1.0716	467	22	-3.532884469
99	A	-0.9948	232	14	-3.175663421
99	G	-1.3062	804	17	-4.688626198
99	C	-0.6975	265	39	-1.889483678
99	S	-1.2252	605	17	-4.278365839
99	T	-0.7709	109	13	-2.192781954
99	N	-1.3162	49	1	-4.739747192
99	Q	-1.6519	95	None	-6.569855608
99	D	-1.3218	50	1	-4.768893537
99	E	-0.8584	163	15	-2.566874906
99	H	-0.7322	90	12	-2.031927943
99	K	-1.1329	182	7	-3.825477066
99	R	-0.8272	475	48	-2.43185855
100	*	-0.9828	367	23	-3.121111644
100	F	-1.7947	170	None	-7.409390936
100	W	-1.4658	339	4	-5.530178811
100	Y	-0.9975	117	7	-3.188047145
100	P	-1.2793	172	4	-4.551302102
100	M	-1.5368	222	2	-5.919453214
100	I	-0.8685	168	15	-2.610464175
100	L	-0.9187	457	35	-2.831804686
100	V	-1.0102	644	37	-3.24650086
100	A	-0.806	158	17	-2.341355255
100	G	-1.09	699	31	-3.619989683
100	C	-1.6281	317	2	-6.433376378
100	S	-0.5787	691	141	-1.418027896
100	T	-0.6169	413	76	-1.567107806
100	N	-0.224	159	78	-0.152518084
100	Q	-1.497	52	None	-5.700439718
100	D	-1.5548	119	1	-6.019855111
100	E	-0.7951	153	17	-2.294962349
100	H	-1.507	54	None	-5.754887502
100	K	-0.311	212	85	-0.443566866
100	R	0	None	None	None
101	*	-1.7816	161	None	-7.330916878
101	F	0	None	None	None
101	W	0.0944	220	210	0.807848456
101	Y	0.3317	96	140	1.419283169
101	P	-1.4025	134	2	-5.191126538
101	M	-1.0007	152	9	-3.20303986
101	I	-0.9524	58	4	-2.983018343
101	L	-0.4677	220	60	-0.999506466
101	V	-1.0493	454	23	-3.428023879
101	A	-1.0189	179	10	-3.28692503
101	G	-0.8316	361	36	-2.450967373
101	C	-0.8625	143	13	-2.584468966
101	S	-0.2198	214	106	-0.13858388
101	T	-0.7874	44	5	-2.262540871
101	N	0.2786	9	12	1.290000152
101	Q	-1.339	29	None	-4.857980995
101	D	-0.0602	244	171	0.36207783
101	E	-0.7653	99	12	-2.169431467
101	H	-0.0922	29	19	0.264909171
101	K	-1.0893	45	2	-3.616890444
101	R	-1.2048	365	11	-4.177358383
102	*	-1.1994	228	7	-4.15057244
102	F	-0.7436	124	16	-2.079233658
102	W	-1.2602	201	5	-4.454160944
102	Y	-1.7297	130	None	-7.022367813
102	P	-1.2067	167	5	-4.186813545
102	M	-1.0797	218	10	-3.571293578
102	I	0	None	None	None
102	L	-0.8052	408	44	-2.338031071
102	V	-0.5739	508	105	-1.399476517
102	A	-0.9941	248	15	-3.172343062
102	G	-1.0891	697	31	-3.615855883
102	C	-1.0553	302	15	-3.456551491
102	S	-0.8437	395	38	-2.502818677
102	T	-1.063	289	14	-3.492608108
102	N	-0.5966	108	21	-1.487607427
102	Q	-1.3328	52	1	-4.825477066
102	D	-0.4069	129	41	-0.778712598
102	E	-1.185	217	7	-4.079233658
102	H	-1.6793	106	None	-6.727920455
102	K	-0.766	124	15	-2.172343062
102	R	-1.1773	453	15	-4.041513992
103	*	-1.1602	57	2	-3.957927362
103	F	-1.2033	18	None	-4.169925001
103	W	-1.4527	44	None	-5.459431619
103	Y	-1.1866	17	None	-4.087462841
103	P	-1.4587	45	None	-5.491853096
103	M	-0.6907	60	9	-1.862002942
103	I	-0.6462	53	9	-1.683032801
103	L	-1.1868	156	5	-4.088511472
103	V	-1.7181	124	None	-6.95419631
103	A	-0.4677	88	24	-0.999506466
103	G	-0.6584	268	44	-1.73169492
103	C	NS	None	1	None
103	S	-0.5647	203	43	-1.36410851
103	T	-0.3876	9	3	-0.709999848
103	N	-0.6907	40	6	-1.862002942
103	Q	0.4052	14	23	1.591169686
103	D	-0.0274	8	6	0.459925153
103	E	-1.2339	20	None	-4.321928095
103	H	-1.286	24	None	-4.584962501
103	K	0.2931	60	82	1.325624061
103	R	0	None	None	None
104	*	-0.9438	367	26	-2.944233882
104	F	-0.8116	189	20	-2.365351677
104	W	-1.1786	455	15	-4.047869487
104	Y	-1.1113	121	5	-3.72197249
104	P	-0.9435	409	29	-2.943013385
104	M	-0.6375	276	48	-1.648599304
104	I	0	None	None	None
104	L	0.1752	635	705	1.025829318
104	V	-0.1466	942	549	0.096041742
104	A	-1.1403	613	23	-3.861218655
104	G	-0.9359	1033	75	-2.908843196
104	C	-0.7146	107	15	-1.959613738
104	S	-1.0281	719	39	-3.329483089
104	T	-0.9351	261	19	-2.905015831
104	N	-1.2045	232	7	-4.175663421
104	Q	-1.5437	114	1	-5.957927362
104	D	-1.749	258	1	-7.136264603
104	E	-1.096	322	14	-3.648599304
104	H	-1.6179	83	None	-6.375039431
104	K	-0.9997	202	12	-3.19828633
104	R	-1.0245	729	40	-3.312884257
105	*	-0.8607	186	17	-2.576733318
105	F	-1.8335	200	None	-7.64385619
105	W	-1.205	166	5	-4.178148684
105	Y	-1.0235	109	6	-3.308259172
105	P	0.6552	154	364	2.115970752
105	M	-0.4083	60	19	-0.78400043
105	I	-0.8417	62	6	-2.494271157
105	L	-1.1317	259	10	-3.81991754
105	V	-0.9337	383	28	-2.898883008
105	A	-0.5262	371	87	-1.217369228
105	G	-0.8806	767	66	-2.663725996
105	C	-0.6575	79	13	-1.728378378
105	S	-0.7621	515	63	-2.156186046
105	T	-0.728	163	22	-2.014333883
105	N	0.7848	28	78	2.353009949
105	Q	-0.3391	72	27	-0.540074847
105	D	0	None	None	None
105	E	-0.4739	149	40	-1.022277773
105	H	-0.8989	86	7	-2.74394718
105	K	-0.0733	44	30	0.322421629
105	R	-0.8724	306	27	-2.627537688
106	*	-1.1723	386	13	-4.017054667
106	F	-1.2697	291	7	-4.502557769
106	W	-0.8263	227	23	-2.428023879
106	Y	-1.3196	248	5	-4.757305563
106	P	-0.9704	537	35	-3.064532609
106	M	-1.0013	406	24	-3.205410764
106	I	-0.4285	259	78	-0.856443417
106	L	-0.9783	1164	74	-3.100459325
106	V	-0.3334	776	295	-0.520379046
106	A	0.3431	996	1480	1.446342181
106	G	0.1685	1096	1202	1.00815175
106	C	-0.3644	275	97	-0.628412314
106	S	-0.0025	1379	1088	0.533018752
106	T	0	None	None	None
106	N	0.2163	332	397	1.132918418
106	Q	-0.8317	351	35	-2.451081551
106	D	-1.1316	466	18	-3.819298491
106	E	-1.2012	426	13	-4.15930725
106	H	-1.0842	177	8	-3.592642898
106	K	-0.9412	308	22	-2.93239227
106	R	-0.8973	1186	97	-2.7370128
107	*	-1.848	390	1	-7.732367661
107	F	-0.9192	170	13	-2.833988566
107	W	-1.1977	259	8	-4.141845635
107	Y	-1.7133	223	1	-6.925937248
107	P	-1.1607	314	11	-3.960226478
107	M	-0.6773	122	19	-1.807847172
107	I	-0.9945	149	9	-3.174280867
107	L	-0.9524	435	30	-2.983018343
107	V	-0.989	667	41	-3.149028294
107	A	0	None	None	None
107	G	0.0408	1001	861	0.657605821
107	C	-1.325	354	7	-4.785287976
107	S	-0.8746	582	51	-2.637487349
107	T	-0.9102	229	18	-2.794316134
107	N	-1.5147	102	1	-5.79746269
107	Q	-0.7135	64	9	-1.955112346
107	D	-0.7171	352	49	-1.969759122
107	E	-0.708	119	17	-1.93239227
107	H	-1.0855	200	9	-3.598968536
107	K	-0.8826	152	13	-2.672525143
107	R	-1.0351	528	28	-3.362076545
108	*	-1.0755	215	10	-3.551302102
108	F	-1.3553	282	5	-4.942660605
108	W	-0.7766	341	40	-2.216737182
108	Y	-0.8668	156	14	-2.603084644
108	P	-0.7358	197	26	-2.046649449
108	M	-1.758	146	None	-7.189824559
108	I	-1.1088	144	6	-3.709999848
108	L	-1.2068	568	17	-4.187321626
108	V	-0.8919	445	37	-2.713245508
108	A	-1.4923	281	3	-5.674501167
108	G	-1.1333	677	26	-3.827609653
108	C	0	None	None	None
108	S	-1.0192	412	23	-3.287975919
108	T	-1.1063	119	5	-3.697927016
108	N	-1.0871	67	3	-3.606164037
108	Q	-0.8625	77	7	-2.584468966
108	D	-0.9524	116	8	-2.983018343
108	E	-0.6195	104	19	-1.577549552
108	H	-1.2032	33	1	-4.169431467
108	K	-0.7687	100	12	-2.183931037
108	R	-0.816	536	56	-2.383771616
109	*	-1.6405	333	2	-6.504415715
109	F	-0.8563	475	44	-2.557389432
109	W	-1.8775	241	None	-7.912889336
109	Y	-0.9716	154	10	-3.069895793
109	P	-1.1464	517	19	-3.891130305
109	M	-0.211	384	194	-0.110087006
109	I	-0.2284	385	187	-0.166857523
109	L	-0.809	825	88	-2.353856038
109	V	0	None	None	None
109	A	0.069	988	898	0.737167055
109	G	0.5605	815	1691	1.927967348
109	C	-1.0252	347	19	-3.315901687
109	S	0.3695	856	1328	1.508535097
109	T	0.1408	523	545	0.934407936
109	N	0.7693	124	339	2.325907805
109	Q	0.2705	216	284	1.26982227
109	D	0.4232	400	676	1.631985899
109	E	0.3315	426	621	1.41870249
109	H	-0.194	362	190	-0.055027626
109	K	0.1374	254	263	0.925196955
109	R	-0.1249	1023	625	0.164084602
110	*	-0.6264	145	26	-1.60450672
110	F	-1.0522	279	14	-3.441803737
110	W	-1.5164	308	3	-5.806861388
110	Y	-0.8239	196	20	-2.417819097
110	P	-0.416	206	64	-0.811537875
110	M	-1.0719	85	4	-3.534428284
110	I	-1.2623	81	2	-4.464887351
110	L	-1.3229	502	10	-4.774652807
110	V	-1.0683	462	22	-3.51735477
110	A	-1.1691	235	8	-4.001554294
110	G	-1.0596	347	17	-3.476366359
110	C	0	None	None	None
110	S	-0.7701	251	30	-2.189690306
110	T	-1.0309	93	5	-3.342268064
110	N	-1.2162	69	2	-4.233561804
110	Q	-0.9524	58	4	-2.983018343
110	D	-1.2478	77	2	-4.391823888
110	E	-0.6977	68	10	-1.890572094
110	H	-1.2953	91	2	-4.632831988
110	K	-0.7547	24	3	-2.125037348
110	R	-0.9793	568	36	-3.104859466
111	*	-1.1441	216	8	-3.87992485
111	F	-0.2384	99	47	-0.199805116
111	W	-1.2909	224	5	-4.610464175
111	Y	-0.3581	201	72	-0.606164037
111	P	-1.2032	231	7	-4.169431467
111	M	0.3995	129	210	1.577980915
111	I	0.0373	144	123	0.647552156
111	L	0.0508	220	193	0.686059976
111	V	0	None	None	None
111	A	0.622	265	599	2.051526296
111	G	0.4346	547	941	1.657616542
111	C	0.2018	109	127	1.095463014
111	S	0.5524	256	525	1.911136265
111	T	1.8245	50	311	3.511877233
111	N	0.1594	204	220	0.983897024
111	Q	0.3107	125	176	1.368609986
111	D	-0.5917	203	40	-1.46844517
111	E	0.4057	163	268	1.592323689
111	H	0.6526	45	106	2.111030011
111	K	0.6699	78	188	2.144149285
111	R	0.4995	434	824	1.799911947
112	*	-0.717	158	22	-1.969386477
112	F	-0.8044	259	28	-2.334490713
112	W	-0.4027	109	35	-0.763938656
112	Y	-1.0028	119	7	-3.212500189
112	P	-0.8931	169	14	-2.718561862
112	M	-0.0766	127	86	0.31254272
112	I	0.2547	68	87	1.230443307
112	L	0	None	None	None
112	V	0.6629	250	597	2.130765489
112	A	0.5502	90	184	1.906671512
112	G	0.0815	218	203	0.772114245
112	C	0.7709	138	378	2.32868062
112	S	0.3975	228	370	1.573454099
112	T	-0.2817	291	125	-0.344128406
112	N	-0.3083	57	23	-0.434365406
112	Q	0.1189	44	44	0.874962652
112	D	-1.5634	123	1	-6.067551853
112	E	-0.6891	73	11	-1.855430288
112	H	-0.1808	37	20	-0.012562618
112	K	-0.0679	116	80	0.338909752
112	R	0.5331	184	367	1.871036949
113	*	-1.1348	157	6	-3.834695596
113	F	-0.8533	214	20	-2.544576239
113	W	-0.8819	210	18	-2.669357864
113	Y	-0.3793	147	50	-0.680853503
113	P	-0.6479	213	36	-1.689821966
113	M	-0.5089	159	39	-1.152518084
113	I	-1.1602	57	2	-3.957927362
113	L	-0.7559	570	71	-2.130108337
113	V	-0.2442	429	201	-0.218819494
113	A	-0.2315	678	327	-0.177031985
113	G	0.1796	302	338	1.037437349
113	C	-0.7474	235	30	-2.094663699
113	S	0	None	None	None
113	T	-0.3748	378	130	-0.664911959
113	N	-0.1365	141	84	0.127728723
113	Q	-0.0065	138	108	0.521325698
113	D	-0.1281	206	125	0.15424641
113	E	0.0848	175	164	0.781303545
113	H	-0.2494	162	75	-0.23606866
113	K	0.6952	112	279	2.191729042
113	R	0.4342	463	796	1.65671889
114	*	-1.097	300	13	-3.65341632
114	F	-0.8608	394	36	-2.577164166
114	W	-0.4233	177	54	-0.837755396
114	Y	-0.8201	407	42	-2.401604909
114	P	0.3624	208	319	1.491935548
114	M	-0.5554	327	71	-1.328437054
114	I	-0.4426	172	50	-0.907445913
114	L	-0.508	488	120	-1.14888409
114	V	-0.6623	622	101	-1.747596635
114	A	0.3817	316	500	1.536966189
114	G	-0.3558	683	246	-0.598264611
114	C	-0.6949	344	51	-1.87887676
114	S	0.2541	464	593	1.228869952
114	T	0.108	343	336	0.845215309
114	N	0.051	98	86	0.686517563
114	Q	0.8578	29	88	2.476413276
114	D	0.0053	277	222	0.555636353
114	E	0.564	153	319	1.934987423
114	H	0.0792	151	140	0.76584093
114	K	-0.1949	231	121	-0.057923152
114	R	0	None	None	None
115	*	-1.1345	183	7	-3.833382264
115	F	-0.3093	154	62	-0.437627578
115	W	-0.8007	183	20	-2.318809091
115	Y	-0.3943	61	20	-0.73384659
115	P	-0.6553	302	50	-1.719585897
115	M	-0.4126	217	68	-0.799125739
115	I	-0.2375	248	118	-0.196590609
115	L	-0.5237	339	80	-1.208250716
115	V	-0.2587	587	266	-0.266971605
115	A	-0.3844	378	127	-0.698595085
115	G	-0.8132	712	75	-2.371952088
115	C	-0.9958	266	16	-3.180319783
115	S	-0.347	511	188	-0.567627977
115	T	-0.4509	404	115	-0.937758779
115	N	-0.4569	321	90	-0.959613738
115	Q	-0.3876	225	75	-0.709999848
115	D	-0.6823	306	47	-1.827836339
115	E	-0.2544	177	81	-0.252792895
115	H	-0.9071	189	15	-2.780389176
115	K	0	None	None	None
115	R	-0.099	768	496	0.244196462
116	*	-1.1466	245	9	-3.891750285
116	F	-0.3629	161	57	-0.623064212
116	W	-0.5827	431	87	-1.433637911
116	Y	-0.3705	187	65	-0.649563995
116	P	-0.0807	575	386	0.300001544
116	M	-0.08	235	158	0.302226454
116	I	0.099	54	52	0.820514868
116	L	-0.3822	601	203	-0.690922611
116	V	-0.067	770	532	0.341530452
116	A	0	None	None	None
116	G	0.0902	1132	1072	0.7963936
116	C	-1.1223	251	10	-3.774652807
116	S	0.2385	665	827	1.189495641
116	T	0.3313	411	599	1.418380261
116	N	0.3798	142	224	1.532570455
116	Q	-0.1763	315	172	0.002019389
116	D	0.3861	310	494	1.547205479
116	E	0.498	284	538	1.796677895
116	H	-0.1126	263	165	0.202365877
116	K	-0.0044	341	268	0.527423914
116	R	-0.0368	870	640	0.432019156
117	*	-1.7722	284	1	-7.274784467
117	F	-0.9907	229	14	-3.156886214
117	W	-0.9328	382	28	-2.895111254
117	Y	-1.4988	96	1	-5.709999848
117	P	-0.0224	264	200	0.474424723
117	M	-0.7582	97	12	-2.139987689
117	I	-0.5626	169	36	-1.355991783
117	L	-0.7047	423	61	-1.918813863
117	V	-0.6137	695	129	-1.55467926
117	A	-0.2224	595	293	-0.147026351
117	G	0	None	None	None
117	C	-0.5466	315	70	-1.294962349
117	S	0.0428	520	449	0.663166474
117	T	0.0187	345	284	0.59425722
117	N	-0.1078	142	90	0.217068629
117	Q	0.5989	58	127	2.005666344
117	D	0.3827	171	271	1.539259179
117	E	0.0624	224	201	0.718659421
117	H	-0.6784	219	34	-1.812361566
117	K	-0.0303	110	82	0.451154943
117	R	-0.4586	695	194	-0.965993673
118	*	-1.1523	333	12	-3.919453214
118	F	0.1716	243	268	1.016239339
118	W	0.0016	445	354	0.544906677
118	Y	0.2599	134	173	1.24350169
118	P	0.2463	441	556	1.209268879
118	M	0.2825	149	200	1.299650322
118	I	-0.0058	282	221	0.523313859
118	L	0.1798	661	740	1.037837651
118	V	0.2336	618	762	1.177146812
118	A	0.2561	563	722	1.233826567
118	G	0.2933	1179	1612	1.326250678
118	C	-1.1322	467	18	-3.822391086
118	S	0.2322	940	1156	1.173371388
118	T	0.2167	351	420	1.13388095
118	N	0.2736	174	230	1.277509207
118	Q	0.1922	262	300	1.070358341
118	D	0.0731	597	547	0.748772554
118	E	0.4957	276	521	1.791577758
118	H	0.1988	321	372	1.087691976
118	K	0.3092	220	309	1.365065967
118	R	0	None	None	None
119	*	-0.8234	137	14	-2.415714509
119	F	0.0829	166	155	0.776047626
119	W	-0.1342	344	206	0.135198425
119	Y	0.0903	208	197	0.796574754
119	P	0.5927	158	343	1.99324667
119	M	-0.0508	361	258	0.390334881
119	I	0.0652	174	157	0.726639905
119	L	0.0592	712	635	0.709842003
119	V	0.1443	533	559	0.943675402
119	A	0.2169	452	541	1.134268474
119	G	0.1857	714	808	1.053393871
119	C	-0.6835	196	30	-1.832856596
119	S	0.1586	949	1022	0.981877856
119	T	-0.1026	401	257	0.233128775
119	N	0.1099	179	176	0.850578494
119	Q	0.3728	184	287	1.516307623
119	D	0.4568	232	413	1.706979629
119	E	0.3886	280	448	1.553034557
119	H	-0.0025	270	213	0.532856675
119	K	0.1189	227	227	0.874962652
119	R	0	None	None	None
120	*	-1.8162	186	None	-7.539158811
120	F	-0.439	150	44	-0.89442442
120	W	-0.2093	138	70	-0.104278788
120	Y	-0.1642	148	83	0.040548718
120	P	-0.0015	272	215	0.535692661
120	M	0.0752	75	69	0.754668419
120	I	0.1223	156	157	0.884181182
120	L	0.2544	262	335	1.229556936
120	V	-0.1287	533	323	0.152361284
120	A	0	None	None	None
120	G	0.0944	462	441	0.807848456
120	C	-0.8417	217	21	-2.494271157
120	S	0.0978	306	294	0.817247154
120	T	-0.2313	286	138	-0.176384228
120	N	-0.2068	198	101	-0.096182485
120	Q	0.3907	76	122	1.557772476
120	D	-0.1304	477	288	0.147042198
120	E	-0.087	240	159	0.280955012
120	H	-0.0312	129	96	0.448697898
120	K	0.2062	109	128	1.106778328
120	R	-0.2196	454	225	-0.137804644