Location	Mutation	Normalized_FitnessMetric	Unselected_Reads	Selected_Reads	RawLog2
1	*	-1.5273	162	5	-5.348626876
1	F	-0.3088	107	124	-0.117975644
1	W	-0.4977	197	146	-0.762932228
1	Y	-0.5499	123	80	-0.951291378
1	P	-0.0615	23	45	0.637586172
1	M	-0.0581	33	65	0.647268726
1	I	-1.1805	77	8	-3.597491509
1	L	-0.8176	98	31	-1.991218502
1	V	-0.9279	109	25	-2.455033103
1	A	-0.5088	190	137	-0.802528493
1	G	0.1617	133	394	1.236064416
1	C	-0.8405	81	24	-2.08559247
1	S	0	None	None	None
1	T	-0.7338	90	36	-1.652633063
1	N	-0.9882	136	26	-2.717728091
1	Q	0.1858	34	105	1.296077709
1	D	0.0939	67	176	1.06263746
1	E	-0.9258	13	3	-2.446182185
1	H	0.0732	34	86	1.008096946
1	K	-0.7549	106	40	-1.736697328
1	R	-0.6318	152	80	-1.256704386
2	*	-0.6761	109	51	-1.426463951
2	F	0.6542	13	80	2.290783409
2	W	0.2283	44	146	1.399687972
2	Y	NS	4	14	1.476649954
2	P	0.0668	34	85	0.991223127
2	M	-0.1142	25	44	0.484870461
2	I	NS	None	None	None
2	L	0.1689	52	156	1.254257533
2	V	0.4128	46	204	1.818158418
2	A	-0.1066	80	143	0.507238274
2	G	-0.2232	115	161	0.154721859
2	C	-0.4929	8	6	-0.745742467
2	S	0	None	None	None
2	T	0.4036	8	35	1.798578049
2	N	0.4151	20	89	1.823100368
2	Q	-0.7992	6	2	-1.915667469
2	D	NS	3	57	3.835501268
2	E	0.4882	35	173	1.974640243
2	H	0.0871	37	96	1.044804167
2	K	NS	None	1	None
2	R	-0.3856	138	134	-0.373140234
3	*	-0.8837	88	23	-2.26657463
3	F	-0.5401	72	48	-0.915667469
3	W	-0.4498	60	50	-0.593739374
3	Y	0.0788	18	46	1.022931987
3	P	-0.1093	45	80	0.499370031
3	M	0.1593	20	59	1.230009987
3	I	NS	4	26	2.36973475
3	L	-0.0865	173	322	0.565583683
3	V	0.0925	129	338	1.058947213
3	A	-0.1604	30	48	0.347366937
3	G	-0.0434	145	294	0.689058287
3	C	-0.8273	39	12	-2.031144686
3	S	0	None	None	None
3	T	0.3254	17	66	1.62622631
3	N	0.1378	44	125	1.175647698
3	Q	NS	None	38	None
3	D	0.5589	18	98	2.114079875
3	E	NS	None	8	None
3	H	NS	None	None	None
3	K	NS	4	36	2.839220034
3	R	0.1109	48	130	1.106700344
4	*	-1.4973	29	1	-5.188685963
4	F	NS	3	11	1.54376415
4	W	-0.1728	34	53	0.309752645
4	Y	-0.0702	26	50	0.612711504
4	P	0.196	14	44	1.321371729
4	M	NS	None	None	None
4	I	-0.075	21	40	0.598905704
4	L	0.0185	116	265	0.861162586
4	V	0.0274	133	309	0.885475625
4	A	0.4884	36	178	1.975103462
4	G	0.0162	193	439	0.854915124
4	C	-0.8486	38	11	-2.119200863
4	S	0.2258	105	347	1.393841367
4	T	-0.071	75	144	0.610401343
4	N	0.0277	37	86	0.886106421
4	Q	-0.1343	135	228	0.425369449
4	D	0.0803	64	164	1.026847037
4	E	0.2518	60	207	1.455891394
4	H	0	None	None	None
4	K	-0.3391	49	53	-0.217494357
4	R	0.0592	271	668	0.970850283
5	*	NS	1	None	None
5	F	NS	None	None	None
5	W	-0.6004	14	8	-1.13805989
5	Y	-0.6138	58	32	-1.188685963
5	P	0	None	None	None
5	M	NS	None	None	None
5	I	NS	None	4	None
5	L	-0.2011	47	69	0.223230637
5	V	0.0158	11	25	0.853719603
5	A	NS	None	5	None
5	G	0.3657	53	219	1.716161637
5	C	-1.3044	73	5	-4.198601432
5	S	0.2268	29	96	1.396276538
5	T	0.2533	24	83	1.459371963
5	N	NS	2	26	3.36973475
5	Q	-0.1422	68	113	0.402011153
5	D	NS	None	None	None
5	E	NS	None	None	None
5	H	NS	3	None	None
5	K	NS	None	None	None
5	R	-0.3561	25	26	-0.274121439
6	*	NS	None	None	None
6	F	0.196	7	22	1.321371729
6	W	0.3242	16	62	1.623491343
6	Y	0.6417	17	103	2.268332718
6	P	NS	2	4	0.669295032
6	M	1.1775	5	52	3.047806655
6	I	0.1809	16	49	1.284004876
6	L	0.2606	14	49	1.476649954
6	V	0	None	None	None
6	A	0.3925	33	142	1.774648032
6	G	0.1608	238	704	1.233908887
6	C	NS	2	2	-0.330704968
6	S	0.4378	15	69	1.870928893
6	T	0.6602	15	93	2.301563248
6	N	NS	None	None	None
6	Q	0.7119	5	33	2.391761057
6	D	NS	4	73	3.835501268
6	E	-0.4123	34	31	-0.463971499
6	H	0.0959	11	29	1.067844409
6	K	NS	None	None	None
6	R	0.1948	132	414	1.31838787
7	*	-1.3566	140	8	-4.459987985
7	F	0	None	None	None
7	W	-0.1039	74	133	0.515124102
7	Y	-0.0794	125	236	0.586153797
7	P	-0.3437	57	61	-0.232857644
7	M	1.8208	7	104	3.562379828
7	I	0.1462	103	297	1.197113626
7	L	0.284	192	698	1.531415758
7	V	0.0803	144	369	1.026847037
7	A	0.7478	17	117	2.45219691
7	G	1.218	22	236	3.092506463
7	C	-0.1784	74	114	0.292731681
7	S	0.3855	163	694	1.75935873
7	T	0.4844	60	295	1.966975581
7	N	0.5728	22	122	2.140600751
7	Q	0.2402	13	44	1.428286933
7	D	0.4455	46	214	1.887200062
7	E	1.0327	19	175	2.872578631
7	H	-0.0273	65	136	0.73439006
7	K	0.3674	7	29	1.719921105
7	R	0.0095	122	274	0.836589778
8	*	-0.8741	93	25	-2.226007589
8	F	-0.2138	7	10	0.183868205
8	W	-0.8361	10	3	-2.067670562
8	Y	-0.0193	40	85	0.756757873
8	P	1.2522	9	99	3.128726651
8	M	0.2743	19	68	1.50883036
8	I	NS	None	37	None
8	L	0.0077	84	188	0.831566461
8	V	0.0971	109	288	1.071035709
8	A	-0.2438	62	83	0.090138153
8	G	0.3187	76	292	1.611192078
8	C	0.8574	17	132	2.62622631
8	S	NS	None	1	None
8	T	NS	None	None	None
8	N	-0.1333	13	22	0.428286933
8	Q	0.2115	53	171	1.359227092
8	D	0.854	38	294	2.621039864
8	E	0.0379	46	109	0.913917401
8	H	0	None	None	None
8	K	NS	None	None	None
8	R	0.2656	87	307	1.488446382
9	*	-0.819	146	46	-1.996967571
9	F	-0.2138	91	130	0.183868205
9	W	-0.1682	54	85	0.323798466
9	Y	-0.3929	88	84	-0.397819164
9	P	0.1562	167	490	1.222228679
9	M	0.5665	8	44	2.128726651
9	I	-0.0584	64	126	0.646574956
9	L	0.039	195	463	0.916833102
9	V	0.2349	245	822	1.415651677
9	A	0.6048	110	636	2.200818274
9	G	0.3716	408	1701	1.729037116
9	C	-1.0907	36	5	-3.178701874
9	S	0.1853	280	864	1.294899517
9	T	0.8042	60	440	2.54376415
9	N	0.3184	119	457	1.610527624
9	Q	0.1898	73	227	1.306018961
9	D	0.5131	171	875	2.024581724
9	E	0.4384	149	686	1.872191278
9	H	1.0533	21	197	2.899029429
9	K	0.2832	111	403	1.529515194
9	R	0	None	None	None
10	*	-1.1765	19	2	-3.578632481
10	F	-0.856	60	17	-2.150132722
10	W	-1.3945	260	13	-4.652633063
10	Y	-0.5716	26	16	-1.031144686
10	P	-0.1331	163	276	0.429091335
10	M	NS	2	12	2.254257533
10	I	-1.4861	35	None	-5.129283017
10	L	-1.2069	126	12	-3.723022391
10	V	-1.0441	317	51	-2.966618656
10	A	0.3895	81	347	1.768236882
10	G	0	None	None	None
10	C	-0.3857	205	199	-0.373560447
10	S	-0.1525	174	283	0.371009779
10	T	NS	1	30	3.835501268
10	N	NS	1	None	None
10	Q	0.45	22	103	1.896363941
10	D	-0.1177	95	166	0.474478855
10	E	-0.7418	23	9	-1.684341922
10	H	-0.136	41	69	0.420267484
10	K	-1.1077	76	10	-3.256704386
10	R	0.2304	194	646	1.404772545
11	*	-1.0606	288	44	-3.041198351
11	F	-1.3218	62	4	-4.284901278
11	W	-1.3441	134	8	-4.396794158
11	Y	-1.0742	41	6	-3.103294472
11	P	-1.0965	44	6	-3.205174086
11	M	-0.1054	96	172	0.510597286
11	I	-0.858	71	20	-2.158523992
11	L	-0.3593	123	127	-0.284534786
11	V	-0.2583	256	332	0.044334463
11	A	-0.2194	158	223	0.166414184
11	G	-0.6738	805	379	-1.417495903
11	C	-0.9871	245	47	-2.712754055
11	S	-0.4929	204	153	-0.745742467
11	T	-0.4704	164	130	-0.665889159
11	N	-1.3724	37	2	-4.540158333
11	Q	0.1689	86	258	1.254257533
11	D	0.0346	93	219	0.904923281
11	E	0	None	None	None
11	H	-0.191	8	12	0.254257533
11	K	-0.1254	50	86	0.451703597
11	R	-0.4724	270	213	-0.672810945
12	*	-1.1543	53	6	-3.473662922
12	F	0	None	None	None
12	W	-0.5138	66	47	-0.820510236
12	Y	0.1473	36	104	1.199809749
12	P	NS	None	None	None
12	M	NS	3	None	None
12	I	0.158	53	156	1.226776796
12	L	-0.0915	70	129	0.551239271
12	V	0.3094	84	318	1.589860565
12	A	0.1583	91	268	1.227589582
12	G	0.421	133	597	1.835599718
12	C	0.2163	297	966	1.37085529
12	S	0.2329	32	107	1.410762019
12	T	-0.5401	9	6	-0.915667469
12	N	0.8536	15	116	2.620385432
12	Q	0.7174	14	93	2.401098921
12	D	0.2712	41	146	1.501567586
12	E	NS	None	None	None
12	H	NS	1	3	1.254257533
12	K	-0.4638	36	29	-0.642648974
12	R	0.0236	62	143	0.874970059
13	*	-1.38	19	1	-4.578632481
13	F	-0.7973	191	64	-1.908133796
13	W	NS	2	2	-0.330704968
13	Y	-0.8097	34	11	-1.95873619
13	P	-0.5647	190	119	-1.005742813
13	M	-0.6679	69	33	-1.394835305
13	I	-1.6758	57	1	-6.163594982
13	L	-1.2184	371	34	-3.778517503
13	V	-1.1583	179	20	-3.49259265
13	A	-0.2175	115	163	0.172533135
13	G	-0.12	46	80	0.467661171
13	C	-1.0078	50	9	-2.804636156
13	S	0	None	None	None
13	T	-0.1697	116	182	0.319108677
13	N	-0.6825	50	23	-1.450999202
13	Q	NS	None	None	None
13	D	-0.409	37	34	-0.452695492
13	E	0.5399	13	69	2.077379771
13	H	0.2893	42	154	1.54376415
13	K	-1.0085	7	None	-2.807354922
13	R	-0.1951	154	229	0.24171228
14	*	-1.1921	20	2	-3.652633063
14	F	-0.6603	84	41	-1.365470386
14	W	-1.0888	9	None	-3.169925001
14	Y	-1.0111	101	18	-2.818991449
14	P	-0.2414	81	109	0.097629354
14	M	NS	1	None	None
14	I	-0.3149	21	24	-0.13805989
14	L	-0.9916	37	7	-2.732803411
14	V	0	None	None	None
14	A	0.0982	68	180	1.073685287
14	G	-0.7467	158	61	-1.703748378
14	C	0.0188	35	80	0.86194011
14	S	0.1779	86	262	1.276453279
14	T	-0.0345	79	163	0.714242438
14	N	NS	None	None	None
14	Q	-0.2933	15	18	-0.067670562
14	D	-0.4071	13	12	-0.446182185
14	E	-1.16	9	1	-3.500629969
14	H	-1.3292	20	None	-4.321928095
14	K	-1.1779	12	None	-3.584962501
14	R	-1.6584	67	None	-6.06608919
15	*	-0.9927	175	33	-2.73752196
15	F	-0.7457	93	36	-1.699938778
15	W	-1.1794	163	17	-3.591970281
15	Y	-0.5684	108	67	-1.01950328
15	P	-1.6941	77	None	-6.266786541
15	M	-1.1035	75	10	-3.237595563
15	I	-1.5769	117	3	-5.616107187
15	L	-2.011	284	None	-8.14974712
15	V	-1.6898	301	5	-6.24239655
15	A	-1.8249	310	3	-7.021866872
15	G	-1.681	698	12	-6.192825693
15	C	0	None	None	None
15	S	-1.4063	292	14	-4.713174605
15	T	-1.7969	116	None	-6.857980995
15	N	-1.8168	100	1	-6.974561158
15	Q	-1.6383	62	None	-5.95419631
15	D	-1.5363	67	2	-5.396794158
15	E	-1.0902	115	16	-3.176195019
15	H	-1.3646	18	1	-4.500629969
15	K	-0.9343	40	9	-2.482708061
15	R	-1.0495	392	62	-2.991218502
16	*	-0.9506	28	6	-2.553097389
16	F	-0.0941	6	11	0.54376415
16	W	-0.9734	5	1	-2.652633063
16	Y	-0.5509	37	24	-0.955195833
16	P	NS	1	None	None
16	M	-1.4144	27	None	-4.754887502
16	I	-1.4675	26	1	-5.031144686
16	L	-1.7746	106	None	-6.727920455
16	V	-0.9303	224	51	-2.465634548
16	A	-0.5308	126	86	-0.881720137
16	G	-0.5529	330	213	-0.962317562
16	C	-1.3432	21	None	-4.392317423
16	S	-0.3925	45	43	-0.396293309
16	T	-1.3483	17	1	-4.418167809
16	N	-0.2902	24	29	-0.057686473
16	Q	-0.4058	54	50	-0.44173628
16	D	0	None	None	None
16	E	-0.097	62	113	0.535277684
16	H	-0.7524	50	19	-1.726633644
16	K	NS	None	3	None
16	R	-1.5343	133	4	-5.385987403
17	*	-0.6439	102	52	-1.302690592
17	F	-1.7553	78	1	-6.616107187
17	W	-1.621	58	None	-5.857980995
17	Y	-1.5323	33	1	-5.375099087
17	P	-0.2184	41	58	0.169724023
17	M	-1.3692	23	None	-4.523561956
17	I	-1.38	57	3	-4.578632481
17	L	-0.8199	245	77	-2.000556366
17	V	-1.5219	127	4	-5.319389655
17	A	-0.1393	210	351	0.410376735
17	G	-0.0643	349	679	0.62947957
17	C	-1.0584	52	8	-3.031144686
17	S	0	None	None	None
17	T	-0.7897	111	38	-1.877193321
17	N	NS	4	None	None
17	Q	-0.3616	37	38	-0.29223082
17	D	-1.2589	25	2	-3.974561158
17	E	-1.4861	35	None	-5.129283017
17	H	-0.5494	43	28	-0.949614801
17	K	NS	None	None	None
17	R	-1.6314	48	1	-5.915667469
18	*	-1.7336	90	None	-6.491853096
18	F	-0.3313	168	185	-0.19164093
18	W	-0.929	35	8	-2.459987985
18	Y	-0.3317	100	110	-0.193201444
18	P	-1.6298	60	None	-5.906890596
18	M	-0.3759	150	149	-0.340355138
18	I	-0.0802	87	164	0.583903541
18	L	-0.4206	132	118	-0.492456038
18	V	0	None	None	None
18	A	-0.2528	64	84	0.061612455
18	G	-1.4853	333	12	-5.125120834
18	C	-0.8421	78	23	-2.092545231
18	S	-0.2217	178	250	0.159345886
18	T	-0.3802	60	59	-0.354952514
18	N	0.2508	9	31	1.453566341
18	Q	-0.0504	10	20	0.669295032
18	D	-0.0314	66	137	0.722932996
18	E	NS	None	44	None
18	H	-0.485	17	13	-0.717728091
18	K	NS	None	None	None
18	R	-0.2786	50	62	-0.020364847
19	*	-1.6065	480	11	-5.778163945
19	F	-1.1986	664	65	-3.683376586
19	W	-1.5918	949	23	-5.697407289
19	Y	-1.1536	282	32	-3.47025632
19	P	-0.9753	337	67	-2.661220559
19	M	-1.7909	360	4	-6.822558064
19	I	-1.9528	352	2	-7.790136587
19	L	-1.68	1101	19	-6.187376208
19	V	-1.5657	860	23	-5.555335861
19	A	-0.9231	1165	271	-2.434670166
19	G	-0.436	2666	2297	-0.545630892
19	C	-1.2771	1037	78	-4.063502928
19	S	0	None	None	None
19	T	-1.2454	215	18	-3.908972816
19	N	-0.7547	98	37	-1.735961446
19	Q	-1.3038	204	14	-4.195775388
19	D	-1.396	543	27	-4.660625854
19	E	-2.1706	457	1	-9.166755323
19	H	-1.2667	154	12	-4.012529008
19	K	-1.0788	104	15	-3.12425409
19	R	-1.5838	1001	25	-5.654075037
20	*	-1.5802	79	2	-5.634485716
20	F	-0.0783	102	193	0.589326727
20	W	-0.829	209	64	-2.0380641
20	Y	0.482	10	49	1.962076781
20	P	-1.3539	52	3	-4.446182185
20	M	0.1633	102	303	1.240043674
20	I	-0.0535	82	163	0.660471182
20	L	0.0642	252	627	0.984336741
20	V	0	None	None	None
20	A	0.1445	360	1035	1.192856988
20	G	0.1225	3957	10942	1.136692523
20	C	-0.4293	257	225	-0.522548326
20	S	0.2762	356	1278	1.513233722
20	T	-0.2217	89	125	0.159345886
20	N	0.0776	20	51	1.019792279
20	Q	0.0476	63	152	0.939942622
20	D	-0.5929	206	120	-1.110314899
20	E	0.3881	193	825	1.765088304
20	H	0.256	38	132	1.465761638
20	K	NS	None	None	None
20	R	0.3175	550	2109	1.608350604
21	*	-0.8461	247	72	-2.109147198
21	F	-1.1818	87	9	-3.603723462
21	W	0	None	None	None
21	Y	-1.0365	85	14	-2.932740982
21	P	-1.4212	66	3	-4.790136587
21	M	-1.7162	84	None	-6.392317423
21	I	-1.5769	39	1	-5.616107187
21	L	-1.0547	257	40	-3.014401422
21	V	-1.8914	171	None	-7.417852515
21	A	-1.5343	266	8	-5.385987403
21	G	-1.4639	154	6	-5.012529008
21	C	-0.994	197	37	-2.743303422
21	S	-1.4336	253	11	-4.854266924
21	T	-1.3143	19	None	-4.247927513
21	N	NS	None	None	None
21	Q	NS	2	None	None
21	D	-1.6026	43	1	-5.756969723
21	E	-1.4528	31	None	-4.95419631
21	H	-1.9018	142	1	-7.480452087
21	K	-1.5418	43	None	-5.426264755
21	R	-0.8867	220	57	-2.279174667
22	*	-1.9695	189	1	-7.892947392
22	F	-1.3199	154	10	-4.275563414
22	W	-1.8144	99	1	-6.960061588
22	Y	-1.7699	104	None	-6.700439718
22	P	-1.9128	187	None	-7.54689446
22	M	-1.2045	125	12	-3.711526752
22	I	-0.1313	143	243	0.434236199
22	L	-1.2509	292	24	-3.935567026
22	V	0	None	None	None
22	A	-0.7075	214	92	-1.548609998
22	G	-1.3683	784	43	-4.519150057
22	C	-0.5953	95	55	-1.119200863
22	S	-0.8398	512	152	-2.082777454
22	T	-0.3971	219	207	-0.41200507
22	N	0.0181	177	404	0.859900965
22	Q	-1.2341	92	8	-3.854266924
22	D	-0.7293	242	98	-1.634858361
22	E	-1.2862	192	14	-4.108312547
22	H	-0.9615	82	17	-2.600794131
22	K	-0.882	217	57	-2.259366186
22	R	-0.4521	508	421	-0.601713232
23	*	-1.3123	15	1	-4.237595563
23	F	-1.5363	67	2	-5.396794158
23	W	-1.1332	66	8	-3.375099087
23	Y	-1.1149	70	9	-3.290062983
23	P	-1.8074	121	None	-6.918863237
23	M	-1.6908	76	None	-6.247927513
23	I	-1.4454	24	1	-4.915667469
23	L	-1.8119	294	3	-6.945414812
23	V	-1.1329	239	29	-3.373590781
23	A	-0.0829	16	30	0.576185628
23	G	0	None	None	None
23	C	-0.5553	53	34	-0.971162581
23	S	-0.3201	440	497	-0.15496264
23	T	0.126	23	64	1.145733076
23	N	-0.2702	76	96	0.006330019
23	Q	-1.4187	109	5	-4.776961198
23	D	-0.0277	33	69	0.73342537
23	E	-1.3273	79	5	-4.312557621
23	H	-0.8557	67	19	-2.148866645
23	K	-1.5085	38	None	-5.247927513
23	R	-1.2774	213	16	-4.065414588
24	*	-1.3218	31	2	-4.284901278
24	F	-1.7364	91	None	-6.50779464
24	W	-1.6619	54	1	-6.08559247
24	Y	-0.8291	49	15	-2.038524216
24	P	-1.5655	47	None	-5.554588852
24	M	-1.4861	35	None	-5.129283017
24	I	-1.554	45	None	-5.491853096
24	L	-1.2978	157	11	-4.165894098
24	V	-0.8442	307	90	-2.100946717
24	A	-1.0904	187	26	-3.17715971
24	G	-0.4925	610	458	-0.744166612
24	C	-1.2298	34	3	-3.833205308
24	S	-0.8361	170	51	-2.067670562
24	T	-0.2493	62	82	0.072650726
24	N	-0.1125	77	136	0.489971333
24	Q	-1.1266	105	13	-3.344510767
24	D	0	None	None	None
24	E	-0.4514	259	215	-0.599320406
24	H	-0.0056	11	24	0.794825914
24	K	-0.86	50	14	-2.167206236
24	R	-1.0819	168	24	-3.13805989
25	*	-1.3646	450	25	-4.500629969
25	F	-1.8173	126	None	-6.977279924
25	W	-1.6437	151	3	-5.984147206
25	Y	-1.5598	46	None	-5.523561956
25	P	-1.8402	110	1	-7.112064681
25	M	-0.6974	172	76	-1.509042209
25	I	-1.0703	27	4	-3.08559247
25	L	-1.4548	149	6	-4.964910988
25	V	-1.4973	174	6	-5.188685963
25	A	-1.8582	149	None	-7.21916852
25	G	-1.7392	439	6	-6.523819597
25	C	-1.7038	80	None	-6.321928095
25	S	-1.773	335	4	-6.718722253
25	T	-1.3435	117	7	-4.393714765
25	N	-0.549	135	88	-0.948088946
25	Q	-0.6004	21	12	-1.13805989
25	D	-1.7722	105	None	-6.714245518
25	E	-0.7599	266	99	-1.756630783
25	H	-1.6622	68	None	-6.087462841
25	K	0	None	None	None
25	R	-0.193	239	357	0.248208488
26	*	-1.5728	384	10	-5.593739374
26	F	-0.3526	247	259	-0.262263912
26	W	-0.5499	409	266	-0.951379565
26	Y	-0.3597	190	196	-0.285850732
26	P	-1.3873	273	14	-4.616107187
26	M	-0.361	457	470	-0.290238376
26	I	-0.4241	335	297	-0.504403132
26	L	-0.6465	1187	601	-1.312588007
26	V	-0.0596	803	1577	0.643005799
26	A	-0.3363	814	886	-0.208427064
26	G	-0.4534	483	399	-0.60633941
26	C	-1.0168	297	52	-2.844584371
26	S	-0.2306	858	1182	0.131475515
26	T	0	None	None	None
26	N	-0.5062	576	418	-0.793270837
26	Q	-0.4044	169	157	-0.436963655
26	D	-1.19	417	42	-3.642291119
26	E	-0.2204	120	169	0.163283873
26	H	-0.4272	100	88	-0.515129539
26	K	0.0398	352	837	0.918947226
26	R	0.0596	1111	2741	0.972138544
27	*	-1.0171	383	67	-2.845816359
27	F	-0.4036	231	215	-0.43426116
27	W	-0.0676	447	864	0.620051513
27	Y	-0.0195	177	376	0.756278334
27	P	-1.284	177	13	-4.0978708
27	M	-0.0277	209	437	0.73342537
27	I	-0.1583	346	556	0.353607877
27	L	-0.2338	766	1048	0.121517452
27	V	0.1426	669	1917	1.188067253
27	A	-0.7423	714	279	-1.68636392
27	G	-1.685	1477	25	-6.215302889
27	C	-0.6988	309	136	-1.514705155
27	S	-0.3231	673	755	-0.164834828
27	T	0	None	None	None
27	N	-0.1365	248	417	0.419002295
27	Q	-0.4773	136	106	-0.690247355
27	D	-2.0007	216	1	-8.08559247
27	E	-1.1176	353	45	-3.302376245
27	H	0.2278	114	378	1.398647442
27	K	0.0333	215	505	0.90124176
27	R	0.1017	923	2459	1.082964214
28	*	NS	None	None	None
28	F	-1.1513	11	None	-3.459431619
28	W	-1.5085	38	None	-5.247927513
28	Y	-1.7101	82	None	-6.357552005
28	P	-1.0907	36	5	-3.178701874
28	M	-1.582	50	None	-5.64385619
28	I	-1.0762	110	16	-3.112064681
28	L	-1.5363	134	4	-5.396794158
28	V	-1.0649	272	41	-3.060615804
28	A	0	None	None	None
28	G	-1.301	404	28	-4.181561529
28	C	-1.8678	155	None	-7.276124405
28	S	-1.3182	245	16	-4.267342907
28	T	-0.1079	23	41	0.503285081
28	N	-1.4938	36	None	-5.169925001
28	Q	-1.6254	59	None	-5.882643049
28	D	-0.9534	193	41	-2.565610001
28	E	-1.7192	85	None	-6.409390936
28	H	-1.0888	9	None	-3.169925001
28	K	-1.2641	16	None	-4
28	R	-1.6874	75	None	-6.228818691
29	*	-1.3773	207	11	-4.564760307
29	F	0.0094	220	494	0.83630255
29	W	-0.373	65	65	-0.330704968
29	Y	-0.2162	159	226	0.176591039
29	P	-1.3199	231	15	-4.275563414
29	M	0.2581	70	244	1.470749353
29	I	0.4577	64	303	1.912469016
29	L	-0.1194	549	956	0.469499501
29	V	-0.0258	335	703	0.738658626
29	A	-0.97	287	58	-2.637630899
29	G	-1.8668	491	4	-7.270284182
29	C	-0.692	58	26	-1.488246245
29	S	-1.118	487	62	-3.30428662
29	T	0	None	None	None
29	N	-1.5154	93	3	-5.284901278
29	Q	-0.7276	231	94	-1.627865158
29	D	-1.8572	118	1	-7.213348017
29	E	-1.0738	116	17	-3.101223122
29	H	-0.5367	58	39	-0.903283744
29	K	-0.4453	184	155	-0.578142519
29	R	-0.1901	513	771	0.257067066
30	*	-1.3626	1251	70	-4.490288025
30	F	-1.7833	960	11	-6.778163945
30	W	-1.819	1009	10	-6.987487332
30	Y	-1.555	898	25	-5.497420413
30	P	-1.5207	885	28	-5.312883691
30	M	-1.5842	842	21	-5.656063968
30	I	-1.6049	824	19	-5.769277982
30	L	-1.6491	2107	41	-6.014127562
30	V	-1.6084	1934	44	-5.788645429
30	A	-1.5721	1379	36	-5.590186708
30	G	-1.5059	3112	104	-5.233891595
30	C	-1.7488	912	12	-6.578632481
30	S	-1.564	2155	58	-5.546196127
30	T	-0.8024	763	252	-1.928964291
30	N	-1.3681	656	36	-4.518331971
30	Q	-1.7183	404	6	-6.40395395
30	D	0	None	None	None
30	E	-1.3165	761	50	-4.258601422
30	H	-1.324	453	29	-4.296091213
30	K	-2.1791	475	1	-9.222488671
30	R	-1.8222	2044	20	-7.005956354
31	*	-1.5395	678	20	-5.413918336
31	F	-1.2861	425	31	-4.107827689
31	W	-1.9115	186	None	-7.539158811
31	Y	-1.9804	198	1	-7.960061588
31	P	-1.8739	159	None	-7.312882955
31	M	-0.9243	151	35	-2.43982669
31	I	0	None	None	None
31	L	-0.9417	677	149	-2.514548471
31	V	-0.5459	723	475	-0.936773102
31	A	-1.2705	377	29	-4.031144686
31	G	-1.9775	782	4	-7.941729765
31	C	-2.0588	278	1	-8.449646041
31	S	-1.1771	533	56	-3.581341769
31	T	-1.0179	298	52	-2.84943377
31	N	-0.9022	202	50	-2.345060261
31	Q	-1.6546	105	2	-6.044950486
31	D	-1.524	128	4	-5.330704968
31	E	-1.6505	155	3	-6.021866872
31	H	-1.658	266	5	-6.064059308
31	K	-1.0214	168	29	-2.865041396
31	R	-1.5703	723	19	-5.580629291
32	*	-1.0122	563	100	-2.82383989
32	F	-0.8423	268	79	-2.09301341
32	W	-1.3388	444	27	-4.370233332
32	Y	-0.1102	102	181	0.496715577
32	P	-2.1005	334	1	-8.71440926
32	M	-0.451	503	418	-0.597760426
32	I	-1.7352	360	5	-6.500629969
32	L	-1.0327	888	148	-2.915667469
32	V	-1.1432	818	96	-3.4216995
32	A	-0.0531	653	1299	0.661541566
32	G	-0.3043	1383	1619	-0.103403139
32	C	-1.7806	259	3	-6.762550755
32	S	0.1398	887	2529	1.18085606
32	T	0.296	408	1512	1.559112114
32	N	-0.0117	307	662	0.777887594
32	Q	-0.2587	230	298	0.042973502
32	D	-1.4128	427	20	-4.746869133
32	E	-0.7798	500	176	-1.837057634
32	H	-0.3606	205	211	-0.289085879
32	K	0	None	None	None
32	R	0.2092	1001	3217	1.353568994
33	*	-1.4918	341	12	-5.159370396
33	F	-2.0331	497	2	-8.287807009
33	W	-1.4412	851	36	-4.893795288
33	Y	-1.8942	173	None	-7.434628228
33	P	-2.0539	272	1	-8.418167809
33	M	-1.901	178	None	-7.475733431
33	I	-1.8106	195	2	-6.938035282
33	L	-1.8366	542	5	-7.090925914
33	V	-1.3001	1050	73	-4.177054022
33	A	-1.5457	798	23	-5.447387948
33	G	0	None	None	None
33	C	-1.0794	507	73	-3.126722346
33	S	-1.2317	901	79	-3.842307516
33	T	-1.1807	260	27	-3.598185279
33	N	-1.6735	339	6	-6.15088393
33	Q	-1.751	230	3	-6.591232518
33	D	-1.0747	438	64	-3.105492027
33	E	-1.7372	508	7	-6.512034733
33	H	-1.5605	110	3	-5.527102181
33	K	-1.7364	91	None	-6.50779464
33	R	-1.6445	1161	23	-5.988295269
34	*	-0.9241	194	45	-2.438764714
34	F	-1.7626	101	None	-6.658211483
34	W	-1.8265	208	2	-7.031144686
34	Y	-1.8402	110	1	-7.112064681
34	P	-1.0095	67	12	-2.811831658
34	M	-1.4685	261	10	-5.03668287
34	I	-1.16	198	22	-3.500629969
34	L	-1.5417	376	11	-5.425862201
34	V	-1.1742	528	56	-3.567744165
34	A	-0.7936	505	171	-1.892992031
34	G	-1.2786	1764	132	-4.070945694
34	C	-1.0997	200	27	-3.219673655
34	S	-0.857	177	50	-2.154454328
34	T	-0.5314	113	77	-0.88409739
34	N	0.4294	158	718	1.853354318
34	Q	-0.2926	223	268	-0.065515677
34	D	-0.6305	443	234	-1.251503137
34	E	-0.4473	390	327	-0.584888456
34	H	-0.0744	129	246	0.600582282
34	K	0	None	None	None
34	R	0.0766	772	1965	1.017151592
35	*	-0.5892	17	10	-1.096239714
35	F	-1.5355	42	None	-5.392317423
35	W	-0.8531	7	2	-2.13805989
35	Y	-1.1218	10	None	-3.321928095
35	P	-0.7841	23	8	-1.854266924
35	M	-0.661	39	19	-1.368179673
35	I	-1.1514	35	4	-3.459987985
35	L	-1.0888	9	None	-3.169925001
35	V	-0.6632	128	62	-1.376508657
35	A	-0.6952	45	20	-1.500629969
35	G	-1.11	268	35	-3.267511141
35	C	NS	1	None	None
35	S	-0.5366	113	76	-0.902956417
35	T	0.5119	46	235	2.022250023
35	N	-1.0819	7	1	-3.13805989
35	Q	-0.373	5	5	-0.330704968
35	D	-0.7732	198	71	-1.810314468
35	E	0	None	None	None
35	H	NS	None	None	None
35	K	-0.2968	105	125	-0.079166201
35	R	-0.4401	143	122	-0.559838967
36	*	-1.1765	19	2	-3.578632481
36	F	-1.2279	214	19	-3.824244441
36	W	-1.8566	148	None	-7.209453366
36	Y	-1.7905	113	None	-6.820178962
36	P	-1.909	184	None	-7.523561956
36	M	-1.5418	43	None	-5.426264755
36	I	-0.6368	77	40	-1.275563414
36	L	-1.2116	160	15	-3.745742467
36	V	0	None	None	None
36	A	-1.1551	310	35	-3.477546356
36	G	-1.6517	623	12	-6.02883082
36	C	-1.2725	144	11	-4.041198351
36	S	-1.4037	124	6	-4.699938778
36	T	-1.1779	12	None	-3.584962501
36	N	-1.621	58	None	-5.857980995
36	Q	-1.5155	39	None	-5.285402219
36	D	-0.6887	42	19	-1.475094877
36	E	-1.937	207	None	-7.693486958
36	H	-1.786	111	None	-6.794415866
36	K	-1.7101	82	None	-6.357552005
36	R	-1.2794	268	20	-4.074866063
37	*	-1.127	283	35	-3.346080194
37	F	-0.1567	98	158	0.358365936
37	W	-0.3835	83	81	-0.365894396
37	Y	-0.8691	22	6	-2.205174086
37	P	-1.5537	143	4	-5.490576305
37	M	0	None	None	None
37	I	0.1061	89	239	1.094428409
37	L	0.1155	286	781	1.118602434
37	V	0.2285	166	551	1.400164109
37	A	0.0622	142	352	0.978979531
37	G	-1.1297	261	32	-3.358610964
37	C	-0.5032	160	117	-0.782268343
37	S	-0.2244	159	222	0.150827943
37	T	0.4321	48	219	1.859119591
37	N	NS	1	9	2.839220034
37	Q	0.4227	60	270	1.839220034
37	D	0.06	64	158	0.97307578
37	E	0.3634	51	210	1.711115208
37	H	NS	None	None	None
37	K	0.1154	141	385	1.118458315
37	R	0.0282	245	570	0.887475202
38	*	-0.6513	32	16	-1.330704968
38	F	-1.3421	183	11	-4.386973188
38	W	-1.2021	13	None	-3.700439718
38	Y	-1.6713	112	2	-6.13805989
38	P	-1.8413	139	None	-7.118941073
38	M	-1.8967	139	1	-7.449646041
38	I	-0.3322	182	200	-0.194643418
38	L	-0.4726	208	164	-0.673592681
38	V	0	None	None	None
38	A	-0.8315	148	45	-2.048305237
38	G	-1.2174	348	32	-3.773648464
38	C	-1.7479	303	4	-6.573878951
38	S	-1.8582	149	None	-7.21916852
38	T	NS	None	None	None
38	N	-1.6383	62	None	-5.95419631
38	Q	-1.6974	78	None	-6.285402219
38	D	-1.1138	124	16	-3.284901278
38	E	-1.7038	80	None	-6.321928095
38	H	-1.4144	27	None	-4.754887502
38	K	-0.8837	88	23	-2.26657463
38	R	-2.005	220	1	-8.112064681
39	*	-1.2376	384	33	-3.871273349
39	F	-0.8509	400	115	-2.129071107
39	W	-1.1072	387	51	-3.254469382
39	Y	-1.9361	164	1	-7.688256972
39	P	-1.924	196	None	-7.614709844
39	M	-0.4218	175	156	-0.496513861
39	I	0.0647	206	513	0.985609521
39	L	0	None	None	None
39	V	0.0723	373	942	1.005846461
39	A	-0.8013	338	112	-1.924229482
39	G	-2.0945	409	None	-8.675957033
39	C	-0.8828	229	60	-2.26301816
39	S	-0.9362	523	117	-2.491007385
39	T	-1.7537	310	4	-6.606829373
39	N	-1.5923	52	None	-5.700439718
39	Q	-2.0716	294	1	-8.530377313
39	D	-1.6697	70	None	-6.129283017
39	E	-1.8593	119	1	-7.225522731
39	H	-1.0742	41	6	-3.103294472
39	K	-1.7862	265	3	-6.795591017
39	R	-1.9677	375	2	-7.881451753
40	*	-1.8144	99	1	-6.960061588
40	F	-1.8552	117	1	-7.201069687
40	W	-1.6546	105	2	-6.044950486
40	Y	-1.5836	40	1	-5.652633063
40	P	0.231	21	70	1.406260626
40	M	-1.2819	17	None	-4.087462841
40	I	-1.529	41	None	-5.357552005
40	L	-1.5306	164	5	-5.366328878
40	V	-1.2521	281	23	-3.941569332
40	A	-0.1439	247	409	0.396884833
40	G	0	None	None	None
40	C	-0.41	132	121	-0.45623585
40	S	0.1048	249	667	1.090836051
40	T	-0.0247	97	204	0.741807532
40	N	-0.4522	35	29	-0.60200699
40	Q	-0.1675	59	93	0.325810794
40	D	-0.0125	98	211	0.775684377
40	E	-0.423	90	80	-0.500629969
40	H	-0.2114	39	56	0.191247735
40	K	NS	None	None	None
40	R	-0.5472	226	148	-0.941430565
41	*	-1.1702	521	56	-3.548489608
41	F	-1.3133	557	37	-4.24278512
41	W	-1.1407	448	53	-3.410139435
41	Y	-0.9606	303	63	-2.596599028
41	P	-1.5882	407	10	-5.677661857
41	M	-1.2783	267	20	-4.069472805
41	I	-1.4353	162	7	-4.863200049
41	L	-1.4927	1283	45	-5.164157327
41	V	-1.234	1161	101	-3.853645742
41	A	-1.1265	557	69	-3.343714028
41	G	-1.3969	1654	82	-4.664896482
41	C	-1.4082	378	18	-4.723022391
41	S	-0.6047	807	456	-1.154239817
41	T	-0.6034	538	305	-1.149501898
41	N	-1.0653	93	14	-3.062508857
41	Q	-0.6592	96	47	-1.361078617
41	D	-0.8688	718	196	-2.203835158
41	E	0	None	None	None
41	H	-0.9143	268	64	-2.396794158
41	K	-0.9992	211	39	-2.766401938
41	R	-2.036	755	3	-8.306075301
42	*	-1.9203	193	None	-7.592457037
42	F	-0.5697	283	175	-1.024152099
42	W	-1.7577	315	4	-6.629912986
42	Y	-1.5746	116	3	-5.603723462
42	P	-1.1237	88	11	-3.330704968
42	M	-1.0104	56	10	-2.816131795
42	I	-0.1403	211	352	0.407627462
42	L	-0.5998	318	182	-1.135793283
42	V	0	None	None	None
42	A	-1.2088	634	60	-3.732153402
42	G	-1.5788	2043	52	-5.626738738
42	C	-1.5271	259	8	-5.347513256
42	S	-1.7548	545	7	-6.613462465
42	T	-1.799	186	2	-6.869863779
42	N	-1.554	45	None	-5.491853096
42	Q	-1.8678	155	None	-7.276124405
42	D	-1.313	406	27	-4.241153383
42	E	-1.4396	188	8	-4.88529382
42	H	-1.0515	8	None	-3
42	K	NS	4	None	None
42	R	-1.1644	283	31	-3.5211669
43	*	-1.7164	401	6	-6.393200894
43	F	-0.0885	130	241	0.559816555
43	W	-0.091	219	404	0.552719455
43	Y	0.2531	35	121	1.458875252
43	P	-1.0515	8	None	-3
43	M	0.3698	76	316	1.725148267
43	I	0.0804	103	264	1.027188624
43	L	-0.1113	244	432	0.493445197
43	V	-0.0034	199	436	0.800854736
43	A	-0.373	221	221	-0.330704968
43	G	-0.7908	375	128	-1.881451753
43	C	-0.3311	128	141	-0.191153615
43	S	-0.029	340	709	0.729545913
43	T	0.1656	58	173	1.245942265
43	N	0	None	None	None
43	Q	-0.046	58	117	0.681678757
43	D	-0.129	41	70	0.441026044
43	E	-0.5313	179	122	-0.883783408
43	H	-0.2657	58	74	0.020767403
43	K	-0.2308	122	168	0.130875117
43	R	-0.1772	393	607	0.296462236
44	*	-1.3477	458	27	-4.415021254
44	F	-0.0394	415	848	0.70024796
44	W	-0.3113	578	666	-0.126252283
44	Y	0.0376	277	656	0.913104871
44	P	-2.0873	315	1	-8.629912986
44	M	-0.3604	301	310	-0.288200239
44	I	0	None	None	None
44	L	-0.6437	839	428	-1.301764982
44	V	0.0927	800	2097	1.059549988
44	A	-0.8011	377	125	-1.923341396
44	G	-1.7822	1564	18	-6.771804764
44	C	-0.6697	584	278	-1.401588454
44	S	-1.3065	750	51	-4.209026411
44	T	-1.0016	218	40	-2.776961198
44	N	-0.737	174	69	-1.665124007
44	Q	-1.8342	135	None	-7.076815597
44	D	-1.4894	507	18	-5.146621903
44	E	-1.8646	365	3	-7.257495121
44	H	-0.888	93	24	-2.284901278
44	K	-1.6838	294	5	-6.208449218
44	R	-1.5238	1119	35	-5.329416272
45	*	-1.2994	287	20	-4.1736838
45	F	-1.418	87	4	-4.773648464
45	W	-1.618	228	5	-5.841666887
45	Y	-0.7672	85	31	-1.785899594
45	P	-1.7419	93	None	-6.539158811
45	M	-0.9734	110	22	-2.652633063
45	I	-0.9476	185	40	-2.540158333
45	L	-1.4646	283	11	-5.015931592
45	V	-1.6543	367	7	-6.042986299
45	A	-0.401	457	428	-0.425288337
45	G	0.3656	510	2107	1.715916194
45	C	-1.5776	352	9	-5.620211585
45	S	-0.2471	486	646	0.079872883
45	T	-1.0916	296	41	-3.182606329
45	N	0	None	None	None
45	Q	-0.9591	158	33	-2.590091597
45	D	-0.0089	137	297	0.78558207
45	E	-0.3888	277	267	-0.383751202
45	H	-0.8656	98	27	-2.19052731
45	K	-0.7702	177	64	-1.798310518
45	R	-1.463	614	24	-5.007837313
46	*	-1.2705	130	10	-4.031144686
46	F	-1.7251	87	None	-6.442943496
46	W	-1.3024	29	2	-4.188685963
46	Y	-0.9564	38	8	-2.578632481
46	P	-0.8735	26	7	-2.223789764
46	M	-1.7472	95	None	-6.569855608
46	I	-0.8252	126	39	-2.022582673
46	L	-1.2639	178	14	-3.999083477
46	V	-1.8288	210	2	-7.044950486
46	A	-1.0033	126	23	-2.784422935
46	G	0.2725	322	1149	1.504541237
46	C	-1.8003	187	2	-6.877599428
46	S	-0.0976	89	162	0.533411604
46	T	-1.0885	143	20	-3.16864821
46	N	0	None	None	None
46	Q	-0.9318	75	17	-2.472060817
46	D	-0.3116	218	251	-0.127345739
46	E	-0.1931	73	109	0.247654798
46	H	-0.7492	193	74	-1.71370864
46	K	-0.5321	122	83	-0.886402874
46	R	-1.2487	157	13	-3.924885999
47	*	-1.0481	107	17	-2.984709113
47	F	-0.3598	32	33	-0.286310849
47	W	NS	3	1	-1.915667469
47	Y	NS	None	2	None
47	P	-0.1481	53	87	0.384318073
47	M	-0.0123	26	56	0.776210236
47	I	-0.373	14	14	-0.330704968
47	L	-0.4049	111	103	-0.438620307
47	V	0.0073	127	284	0.830357465
47	A	-0.0936	97	178	0.545115621
47	G	-1.0645	391	59	-3.059086716
47	C	-0.3379	71	77	-0.213665547
47	S	0	None	None	None
47	T	-0.0592	87	171	0.644204051
47	N	-0.3292	47	52	-0.184854101
47	Q	NS	3	34	3.171795373
47	D	NS	4	44	3.128726651
47	E	1.1249	34	339	2.986973654
47	H	0.4182	34	152	1.829759704
47	K	-0.0774	48	91	0.592127172
47	R	-0.0285	80	167	0.73107123
48	*	-1.7421	148	2	-6.540158333
48	F	-0.7145	147	62	-1.576181002
48	W	-0.0641	150	292	0.630300901
48	Y	-0.9734	5	1	-2.652633063
48	P	-0.7464	44	17	-1.702673745
48	M	-0.2478	107	142	0.077575165
48	I	-0.1073	158	282	0.505065636
48	L	-0.3821	238	233	-0.361336587
48	V	0	None	None	None
48	A	-0.2499	134	177	0.070811392
48	G	-1.2131	922	86	-3.753063154
48	C	-0.875	194	52	-2.230178092
48	S	0.0621	512	1269	0.978771386
48	T	0.386	23	98	1.76044292
48	N	-0.3484	34	36	-0.248242808
48	Q	-0.3219	24	27	-0.160779966
48	D	-1.0935	247	34	-3.191609358
48	E	-1.3503	291	17	-4.42811747
48	H	-0.2371	53	72	0.111299579
48	K	0.1775	90	274	1.275474019
48	R	-0.2396	467	631	0.103512487
49	*	NS	None	None	None
49	F	0	None	None	None
49	W	-0.2593	51	66	0.04126381
49	Y	0.3553	15	61	1.693141774
49	P	-1.5013	37	None	-5.209453366
49	M	-0.5716	13	8	-1.031144686
49	I	-1.1035	30	4	-3.237595563
49	L	-0.4402	68	58	-0.560186814
49	V	-1.0477	44	7	-2.982781664
49	A	-0.8481	69	20	-2.11730133
49	G	-1.624	140	3	-5.875025484
49	C	-1.0327	24	4	-2.915667469
49	S	-0.5474	110	72	-0.94213968
49	T	-1.3057	44	3	-4.205174086
49	N	NS	None	None	None
49	Q	-1.0888	9	None	-3.169925001
49	D	-1.0046	33	6	-2.790136587
49	E	NS	None	10	None
49	H	-0.6618	72	35	-1.371346952
49	K	-1.3565	22	None	-4.459431619
49	R	-1.8942	173	None	-7.434628228
50	*	-1.2212	958	87	-3.791643318
50	F	-1.7929	363	4	-6.834530706
50	W	-1.4092	274	13	-4.728297333
50	Y	-0.712	219	93	-1.566333216
50	P	-1.8613	240	2	-7.237595563
50	M	-2.0866	314	1	-8.625325717
50	I	-1.1554	266	30	-3.479096808
50	L	-1.5315	724	22	-5.371119236
50	V	-1.614	988	22	-5.819640581
50	A	-1.6923	608	10	-6.256704386
50	G	-1.2007	1142	111	-3.693636037
50	C	-1.6713	448	8	-6.13805989
50	S	-1.0444	504	81	-2.968134888
50	T	-0.5646	423	265	-1.005370272
50	N	-0.4219	257	229	-0.497125729
50	Q	-0.6038	422	239	-1.150937349
50	D	-1.6203	184	4	-5.854266924
50	E	-0.9935	420	79	-2.741169737
50	H	0.2219	120	394	1.384456256
50	K	0	None	None	None
50	R	0.0188	1365	3120	0.86194011
51	*	-0.7338	120	48	-1.652633063
51	F	-1.2282	124	11	-3.82546966
51	W	-1.7308	89	None	-6.475733431
51	Y	-1.4973	29	1	-5.188685963
51	P	-1.5629	222	6	-5.540158334
51	M	-1.548	44	None	-5.459431619
51	I	-1.7101	82	None	-6.357552005
51	L	-1.2305	409	36	-3.836736999
51	V	-1.937	207	None	-7.693486958
51	A	-1.734	215	3	-6.493935317
51	G	-1.2208	220	20	-3.790136587
51	C	-1.7838	110	None	-6.781359714
51	S	-1.9227	155	1	-7.606829373
51	T	-1.7883	112	None	-6.807354922
51	N	-1.4275	45	2	-4.822558064
51	Q	0	None	None	None
51	D	-1.7632	161	2	-6.661621846
51	E	-1.3904	138	7	-4.631874503
51	H	-0.8544	130	37	-2.143619415
51	K	-0.9153	63	15	-2.401094296
51	R	-0.8053	409	134	-1.94057281
52	*	-0.8405	54	16	-2.08559247
52	F	-0.4224	182	162	-0.498649605
52	W	0.1781	42	128	1.276977609
52	Y	0	None	None	None
52	P	-1.6908	76	None	-6.247927513
52	M	-1.338	82	5	-4.366328878
52	I	-1.548	44	None	-5.459431619
52	L	-1.6832	176	3	-6.205174086
52	V	-1.9437	213	None	-7.73470962
52	A	-1.7722	105	None	-6.714245518
52	G	-1.9744	193	1	-7.923162005
52	C	-0.8108	93	30	-1.962973183
52	S	-1.2371	151	13	-3.868669989
52	T	-1.5711	48	None	-5.584962501
52	N	-0.6268	30	16	-1.237595563
52	Q	-1.6203	46	1	-5.854266924
52	D	-0.0941	6	11	0.54376415
52	E	-1.5403	34	1	-5.418167809
52	H	-0.5566	61	39	-0.976040087
52	K	-1.548	44	None	-5.459431619
52	R	-1.5973	53	None	-5.727920455
53	*	-1.2759	490	37	-4.057889541
53	F	0	None	None	None
53	W	-1.485	388	14	-5.123262888
53	Y	-0.9032	77	19	-2.349563995
53	P	-1.836	136	None	-7.087462841
53	M	-1.6394	198	4	-5.960061588
53	I	-0.8843	92	24	-2.269304423
53	L	-0.8795	480	127	-2.248910877
53	V	-1.3178	841	55	-4.265307245
53	A	-1.7715	333	4	-6.710083335
53	G	-1.6058	827	19	-5.774520974
53	C	-1.6499	464	9	-6.018760962
53	S	-1.0906	475	66	-3.178094552
53	T	-1.2378	163	14	-3.8720782
53	N	-1.4038	26	None	-4.700439718
53	Q	-1.2641	16	None	-4
53	D	-2.0653	286	1	-8.490576305
53	E	-1.5807	277	7	-5.637092212
53	H	-1.8154	125	None	-6.965784285
53	K	-1.6733	71	None	-6.14974712
53	R	-1.3547	365	21	-4.450140199
54	*	-1.2522	110	9	-3.94213968
54	F	0	None	None	None
54	W	-1.1424	51	6	-3.418167809
54	Y	-1.0907	108	15	-3.178701874
54	P	-1.5085	38	None	-5.247927513
54	M	-0.191	36	54	0.254257533
54	I	-1.1891	99	10	-3.638133493
54	L	-0.139	400	669	0.411301243
54	V	-1.1409	296	35	-3.410875317
54	A	-1.7991	117	None	-6.87036472
54	G	-1.8549	147	None	-7.199672345
54	C	-1.3266	268	17	-4.309331317
54	S	-0.8199	210	66	-2.000556366
54	T	-1.582	50	None	-5.64385619
54	N	-1.4437	30	None	-4.906890596
54	Q	NS	None	None	None
54	D	-1.909	184	None	-7.523561956
54	E	-1.5224	40	None	-5.321928095
54	H	-1.755	98	None	-6.614709844
54	K	-1.6341	61	None	-5.930737338
54	R	-1.7132	264	4	-6.375099087
55	*	-0.5743	36	22	-1.041198351
55	F	-1.5996	85	2	-5.740095904
55	W	-1.6622	68	None	-6.087462841
55	Y	-0.9446	55	12	-2.527102181
55	P	-1.4144	27	None	-4.754887502
55	M	NS	1	None	None
55	I	-1.1513	11	None	-3.459431619
55	L	-1.5311	230	7	-5.368840097
55	V	-0.8813	114	30	-2.256704386
55	A	-1.1988	92	9	-3.684341922
55	G	-0.5099	178	128	-0.806438399
55	C	-1.2244	14	None	-3.807354922
55	S	-1.7308	89	None	-6.475733431
55	T	-1.5996	85	2	-5.740095904
55	N	-1.0085	7	None	-2.807354922
55	Q	-0.4178	10	9	-0.482708061
55	D	-0.5066	40	29	-0.794652068
55	E	0	None	None	None
55	H	NS	2	None	None
55	K	-0.4808	44	34	-0.702673745
55	R	-1.16	81	9	-3.500629969
56	*	-1.5154	31	1	-5.284901278
56	F	-1.4144	27	None	-4.754887502
56	W	-1.2517	61	5	-3.939514211
56	Y	-1.1513	11	None	-3.459431619
56	P	-0.9532	127	27	-2.564502152
56	M	-1.6383	62	None	-5.95419631
56	I	0.156	15	44	1.221836055
56	L	-1.7093	195	3	-6.353072781
56	V	-0.9913	169	32	-2.731584404
56	A	-0.8571	347	98	-2.154786976
56	G	-1.3745	354	19	-4.550383005
56	C	-0.2979	16	19	-0.082777454
56	S	-0.744	144	56	-1.693275047
56	T	0	None	None	None
56	N	-1.0515	8	None	-3
56	Q	-1.6666	110	2	-6.112064681
56	D	-1.6254	59	None	-5.882643049
56	E	-1.3812	24	None	-4.584962501
56	H	-1.7838	110	None	-6.781359714
56	K	-0.8055	113	37	-1.941430565
56	R	-1.4887	309	11	-5.142736377
57	*	-0.5562	25	16	-0.974561158
57	F	-0.8722	37	10	-2.218230239
57	W	-1.9839	201	1	-7.981756659
57	Y	-1.9645	185	1	-7.862086428
57	P	-1.0085	7	None	-2.807354922
57	M	-1.4082	42	2	-4.723022391
57	I	NS	4	9	0.839220034
57	L	-1.6889	180	3	-6.237595563
57	V	-1.16	54	6	-3.500629969
57	A	-1.0879	157	22	-3.165894098
57	G	-1.7542	233	3	-6.609928612
57	C	-1.2021	13	None	-3.700439718
57	S	-0.7253	105	43	-1.618685731
57	T	-0.2601	48	62	0.038528842
57	N	-1.0115	118	21	-2.821030594
57	Q	-0.6902	91	41	-1.480947603
57	D	-1.6341	61	None	-5.930737338
57	E	-0.0429	34	69	0.690356648
57	H	NS	None	None	None
57	K	0	None	None	None
57	R	0.025	387	895	0.878849148
58	*	0.2779	10	36	1.517291939
58	F	-1.0095	67	12	-2.811831658
58	W	-0.8691	11	3	-2.205174086
58	Y	-0.0688	14	27	0.616827612
58	P	-1.4528	31	None	-4.95419631
58	M	-1.4245	28	None	-4.807354922
58	I	NS	None	None	None
58	L	-1.1237	88	11	-3.330704968
58	V	-1.6383	62	None	-5.95419631
58	A	-1.2244	14	None	-3.807354922
58	G	-0.888	31	8	-2.284901278
58	C	0	None	None	None
58	S	-0.373	7	7	-0.330704968
58	T	NS	1	None	None
58	N	NS	None	None	None
58	Q	NS	2	None	None
58	D	-1.6383	62	None	-5.95419631
58	E	-1.4528	31	None	-4.95419631
58	H	-0.9579	6	None	-2.584962501
58	K	NS	None	None	None
58	R	-0.6906	100	45	-1.482708061
59	*	-0.8273	65	20	-2.031144686
59	F	-1.0703	27	4	-3.08559247
59	W	-1.7499	96	None	-6.584962501
59	Y	NS	None	2	None
59	P	0.0392	56	133	0.917222546
59	M	-0.5967	26	15	-1.12425409
59	I	-0.2874	51	62	-0.048933999
59	L	-0.1622	133	212	0.341933051
59	V	0.1062	70	188	1.094600867
59	A	1.2271	15	162	3.102254439
59	G	-0.4659	141	113	-0.650077358
59	C	NS	None	None	None
59	S	-0.3268	169	188	-0.176995552
59	T	NS	4	10	0.991223127
59	N	NS	None	None	None
59	Q	0.5128	26	133	2.02413775
59	D	-1.3928	25	None	-4.64385619
59	E	-0.9946	128	24	-2.745742467
59	H	NS	1	None	None
59	K	0.4629	13	62	1.923051624
59	R	0	None	None	None
60	*	-0.8531	7	2	-2.13805989
60	F	-0.3974	18	17	-0.413167128
60	W	NS	None	7	None
60	Y	-0.0504	7	14	0.669295032
60	P	-0.191	6	9	0.254257533
60	M	NS	4	47	3.223883884
60	I	-1.2468	12	1	-3.915667469
60	L	-0.3001	121	143	-0.089696868
60	V	-0.0944	137	251	0.542806503
60	A	-0.4715	253	200	-0.669842353
60	G	-0.682	228	105	-1.449349464
60	C	-0.9842	62	12	-2.699938778
60	S	-0.1407	48	80	0.406260626
60	T	0.3764	5	21	1.73968436
60	N	0.2159	8	26	1.36973475
60	Q	0.7151	8	53	2.397215487
60	D	0	None	None	None
60	E	0.0679	101	253	0.994077124
60	H	NS	2	3	0.254257533
60	K	NS	None	1	None
60	R	-0.5054	11	8	-0.790136587
61	*	NS	None	None	None
61	F	0.1201	42	46	0.849174951
61	W	-0.2677	29	14	-0.332695655
61	Y	NS	1	21	3.835501268
61	P	0	None	None	None
61	M	-0.7354	63	9	-2.089424504
61	I	NS	2	3	1.302892919
61	L	-0.3921	81	29	-0.76393859
61	V	-0.5919	75	16	-1.510888273
61	A	-0.2658	66	32	-0.326463701
61	G	0.0974	41	43	0.786643168
61	C	-0.4733	24	7	-1.059677161
61	S	0.0533	80	77	0.662788864
61	T	1.2202	9	43	2.974270171
61	N	NS	None	None	None
61	Q	-0.4208	45	15	-0.867032083
61	D	NS	None	3	None
61	E	NS	None	16	None
61	H	1.1506	8	36	2.887855419
61	K	NS	1	None	None
61	R	-0.1773	59	35	-0.035429614
62	*	-1.6439	96	None	-6.584962501
62	F	-0.7742	188	24	-2.251695933
62	W	-0.4981	106	29	-1.152009041
62	Y	-0.2203	91	49	-0.175154378
62	P	-0.1432	111	71	0.073261671
62	M	0.1267	55	61	0.867308042
62	I	0.007	49	43	0.529485329
62	L	-0.0196	243	202	0.451329397
62	V	0.2786	185	270	1.263364555
62	A	-0.1257	453	301	0.128182855
62	G	-0.0605	529	404	0.329017989
62	C	0.1164	137	149	0.839066855
62	S	-0.0587	317	243	0.334403891
62	T	0	None	None	None
62	N	-0.1192	138	93	0.148564772
62	Q	-0.3653	34	13	-0.669092705
62	D	-0.8909	100	9	-2.75600077
62	E	-0.0364	137	110	0.401258049
62	H	-0.9098	106	9	-2.840065035
62	K	0.2363	90	122	1.156814659
62	R	0.1908	301	376	1.038899593
63	*	-1.2152	64	2	-4.282069582
63	F	0.0195	10	9	0.565927325
63	W	-0.4843	67	19	-1.100231259
63	Y	-0.0457	113	89	0.373484887
63	P	0	None	None	None
63	M	-0.0046	49	42	0.495537997
63	I	0.6882	21	57	2.158503009
63	L	0.1302	318	355	0.876722677
63	V	-0.031	133	108	0.417535485
63	A	0.1898	81	101	1.036291898
63	G	0.1912	180	225	1.039858513
63	C	-0.0208	41	34	0.447841255
63	S	0.0151	139	124	0.553185656
63	T	-0.1566	219	136	0.0306062
63	N	-1.2152	128	4	-4.282069582
63	Q	0.0593	115	112	0.679795289
63	D	-0.0133	19	16	0.470002905
63	E	-0.7778	95	12	-2.26696269
63	H	1.1756	5	23	2.919564279
63	K	-0.1956	72	41	-0.094442579
63	R	-0.2214	175	94	-0.178691842
64	*	-1.4295	42	None	-5.392317423
64	F	-0.1052	311	216	0.19204715
64	W	-0.4003	191	67	-0.79340922
64	Y	-0.1969	118	67	-0.098623441
64	P	-0.0643	99	75	0.317392488
64	M	0.1942	109	137	1.047778176
64	I	-0.0192	119	99	0.452469275
64	L	-0.1564	243	151	0.031522654
64	V	0	None	None	None
64	A	0.2622	203	288	1.222519502
64	G	-0.0499	762	595	0.361029089
64	C	-0.5667	311	71	-1.413093233
64	S	0.235	332	449	1.153462621
64	T	-0.0719	169	126	0.294330905
64	N	0.3595	55	92	1.460132661
64	Q	0.1389	89	101	0.90040847
64	D	0.3952	167	296	1.543679491
64	E	-0.1772	182	108	-0.03497672
64	H	-0.3059	136	60	-0.462641828
64	K	0.3433	35	57	1.421537415
64	R	-0.0247	541	445	0.43610716
65	*	-1.1469	76	3	-3.945034595
65	F	-1.0287	120	7	-3.381605256
65	W	-0.2786	102	48	-0.369532423
65	Y	-0.4017	123	43	-0.798319333
65	P	0.0897	60	62	0.765236133
65	M	-0.315	88	38	-0.493573687
65	I	0.0084	25	22	0.533505847
65	L	-0.2238	322	172	-0.186721705
65	V	-0.008	961	818	0.48549483
65	A	0.1483	226	261	0.925657452
65	G	-0.2765	738	349	-0.362463362
65	C	-0.6968	163	26	-1.930358018
65	S	0.0564	317	307	0.671686233
65	T	0.3019	79	120	1.321040265
65	N	0.9658	76	286	2.629874241
65	Q	-0.2623	45	22	-0.31449106
65	D	0	None	None	None
65	E	-0.2085	264	146	-0.136639143
65	H	0.0274	140	128	0.588647401
65	K	0.3469	47	77	1.430128107
65	R	-0.0068	457	390	0.489210377
66	*	-1.354	314	6	-4.99172783
66	F	-0.734	237	34	-2.08334999
66	W	-0.9291	150	12	-2.925925772
66	Y	-0.3524	147	58	-0.623760932
66	P	-0.6595	175	31	-1.779084383
66	M	-0.7436	215	30	-2.123371836
66	I	-1.1137	272	12	-3.784569923
66	L	-0.5494	389	93	-1.346537116
66	V	-0.446	518	162	-0.959027867
66	A	-0.1491	434	274	0.054411268
66	G	0.1233	422	465	0.857918135
66	C	-0.0622	184	140	0.323651479
66	S	0	None	None	None
66	T	-0.3241	258	109	-0.525112513
66	N	0.8747	54	184	2.486604872
66	Q	0.1127	75	81	0.82896173
66	D	0.1308	136	152	0.87839509
66	E	-0.3227	427	181	-0.520315955
66	H	-0.2428	131	67	-0.249403393
66	K	0.227	87	116	1.132967917
66	R	0.1836	627	773	1.019933389
67	*	-1.8548	229	None	-7.839203788
67	F	-1.2327	34	1	-4.369532423
67	W	-1.6686	106	None	-6.727920455
67	Y	-1.7014	121	None	-6.918863237
67	P	-1.4253	136	2	-5.369532423
67	M	-1.7152	128	None	-7
67	I	-1.0453	11	None	-3.459431619
67	L	-1.179	226	8	-4.102248544
67	V	-0.981	206	14	-3.161215187
67	A	-0.0653	332	251	0.314434541
67	G	0	None	None	None
67	C	-0.367	260	99	-0.675080775
67	S	-0.2544	241	120	-0.288068323
67	T	-1.0072	48	3	-3.282069582
67	N	-1.5058	56	None	-5.807354922
67	Q	-1.3878	36	None	-5.169925001
67	D	-0.817	160	18	-2.434072675
67	E	-1.1102	112	5	-3.767496409
67	H	-0.0713	71	53	0.296103753
67	K	-1.4047	63	1	-5.259349506
67	R	-1.0341	506	29	-3.407082162
68	*	-1.4823	758	9	-5.678198619
68	F	-1.3819	811	14	-5.138272764
68	W	-1.1492	868	34	-3.956157973
68	Y	-1.1872	523	18	-4.142811717
68	P	-0.4232	652	216	-0.875910234
68	M	-1.3801	518	9	-5.128952868
68	I	-1.5938	518	4	-6.29887787
68	L	-1.0846	1523	74	-3.645316443
68	V	-1.0687	1367	70	-3.569584093
68	A	-1.3414	1250	25	-4.925925772
68	G	-1.2875	2020	49	-4.647499316
68	C	0	None	None	None
68	S	-1.1658	1837	68	-4.037742652
68	T	-0.809	651	75	-2.399764625
68	N	-1.0787	222	11	-3.61705383
68	Q	-2.0236	478	None	-8.900866808
68	D	-1.6793	546	3	-6.789864222
68	E	-1.5281	602	6	-5.930726758
68	H	-0.8636	276	27	-2.635706537
68	K	-1.9627	365	None	-8.511752654
68	R	-1.2214	2190	67	-4.312695546
69	*	-1.3369	1033	21	-4.902376698
69	F	-0.7275	520	76	-2.056509882
69	W	-2.1557	872	None	-9.768184325
69	Y	-0.5064	254	68	-1.183291428
69	P	-1.1751	725	26	-4.083467049
69	M	-0.2406	502	258	-0.242385881
69	I	-0.0171	292	244	0.458843197
69	L	-0.4774	1417	409	-1.074736592
69	V	-0.1244	1163	775	0.132347537
69	A	0.2135	763	993	1.098041079
69	G	-0.6943	1880	302	-1.920181789
69	C	-0.1681	588	356	-0.006008496
69	S	-0.122	1575	1055	0.139821588
69	T	0.1729	627	758	0.991662823
69	N	-0.5763	418	93	-1.450269903
69	Q	0.1341	401	451	0.887455615
69	D	-1.5496	218	2	-6.050253907
69	E	-0.5863	314	68	-1.48922749
69	H	0.117	225	245	0.840787166
69	K	-0.025	444	365	0.435267205
69	R	0	None	None	None
70	*	-1.9492	344	None	-8.426264755
70	F	-1.9664	371	None	-8.535275377
70	W	-1.9372	537	1	-8.35084786
70	Y	-1.791	175	None	-7.451211112
70	P	-0.7911	214	26	-2.32309685
70	M	-1.0626	134	7	-3.54080385
70	I	-1.4455	220	3	-5.478466795
70	L	-0.905	615	53	-2.818591728
70	V	-0.5718	968	218	-1.432748495
70	A	-0.3021	703	313	-0.449431614
70	G	0	None	None	None
70	C	-0.731	311	45	-2.070987256
70	S	-0.5921	666	142	-1.51170083
70	T	-1.2917	502	12	-4.668650635
70	N	-0.3692	132	50	-0.682607512
70	Q	-1.4653	79	1	-5.58585033
70	D	-1.1965	330	11	-4.188960178
70	E	-1.8881	264	None	-8.044394119
70	H	-1.1369	98	4	-3.896779426
70	K	-1.1197	185	8	-3.813451043
70	R	-0.9992	733	47	-3.245150118
71	*	-1.8688	243	None	-7.924812504
71	F	-0.3406	165	67	-0.582302606
71	W	-0.6846	212	35	-1.88070702
71	Y	0.3763	89	153	1.49958483
71	P	-1.4047	189	3	-5.259349506
71	M	-0.0921	175	125	0.232503591
71	I	0	None	None	None
71	L	-0.4387	430	137	-0.932230349
71	V	0.0508	521	499	0.655686861
71	A	-0.2644	479	233	-0.321765283
71	G	-0.9639	711	51	-3.08334999
71	C	-1.8131	192	None	-7.584962501
71	S	-0.8681	456	44	-2.655527978
71	T	-0.1188	169	114	0.149940996
71	N	-0.727	82	12	-2.054659086
71	Q	-1.3677	110	2	-5.063429296
71	D	-1.6327	151	1	-6.520474321
71	E	-1.1089	290	13	-3.761538954
71	H	-1.279	80	2	-4.603997677
71	K	-0.8192	170	19	-2.443533005
71	R	-1.3976	798	13	-5.2218748
72	*	-1.682	184	1	-6.805631538
72	F	-1.7094	125	None	-6.965784285
72	W	-1.7969	295	1	-7.486640726
72	Y	-0.3468	145	58	-0.603997677
72	P	-1.3899	179	3	-5.180922859
72	M	-0.9159	168	14	-2.867032083
72	I	-1.5637	70	None	-6.129283017
72	L	-1.0638	442	23	-3.546410185
72	V	-1.0654	483	25	-3.554092771
72	A	-0.4807	283	81	-1.086877822
72	G	-0.9786	891	61	-3.150613866
72	C	-1.7649	157	None	-7.294620749
72	S	-0.9939	368	24	-3.220669037
72	T	-1.8538	228	None	-7.832890014
72	N	-0.3304	161	67	-0.54689727
72	Q	-0.798	126	15	-2.35245891
72	D	0	None	None	None
72	E	-0.4603	252	76	-1.011421992
72	H	-0.2701	25	12	-0.340963271
72	K	-0.1886	102	59	-0.071851875
72	R	-1.0044	555	35	-3.269130526
73	*	-0.7354	357	51	-2.089424504
73	F	-0.3302	221	92	-0.546410185
73	W	-0.0963	178	126	0.219476911
73	Y	-0.0712	75	56	0.29646665
73	P	-0.0622	159	121	0.3239107
73	M	0.0621	97	95	0.687873184
73	I	-0.209	181	100	-0.138059279
73	L	-0.3306	452	188	-0.547659693
73	V	0.0501	184	176	0.653800081
73	A	0.0896	393	406	0.764880833
73	G	0.0422	394	371	0.631153975
73	C	-0.9284	262	21	-2.923175161
73	S	0	None	None	None
73	T	-0.0361	234	188	0.40215455
73	N	-0.064	124	94	0.318322959
73	Q	0.0614	136	133	0.685750012
73	D	-0.0431	197	156	0.381280817
73	E	-0.007	204	174	0.488448572
73	H	0.3165	70	109	1.356831726
73	K	0.434	104	196	1.632200544
73	R	0.0501	505	483	0.653670219
74	*	-1.0496	367	20	-3.47977774
74	F	-0.6746	53	9	-1.840065035
74	W	-1.2215	327	10	-4.313288313
74	Y	-0.5985	105	22	-1.536883481
74	P	-0.0252	202	166	0.434758367
74	M	-0.3196	185	79	-0.509670294
74	I	-0.6275	31	6	-1.651303392
74	L	-0.3848	598	218	-0.737886931
74	V	-0.3923	327	117	-0.764851688
74	A	0.0624	299	293	0.688685598
74	G	-0.2236	640	342	-0.186145162
74	C	-1.6564	166	1	-6.657109013
74	S	0.0857	236	242	0.754150606
74	T	0.5298	67	146	1.841665786
74	N	-0.4835	278	79	-1.097229907
74	Q	0.015	148	132	0.552871172
74	D	-0.1429	150	96	0.074074228
74	E	-0.5154	325	85	-1.216974554
74	H	0.1582	34	40	0.952395672
74	K	0	None	None	None
74	R	0.1593	520	613	0.955305869
75	*	-1.3575	212	4	-5.009990037
75	F	-0.1443	105	67	0.069774091
75	W	-0.2886	124	57	-0.403375878
75	Y	-0.101	117	82	0.205117703
75	P	-0.774	321	41	-2.250947065
75	M	-0.508	135	36	-1.188960178
75	I	-0.0205	47	39	0.448743785
75	L	-0.0301	429	349	0.420179807
75	V	0.0555	240	232	0.669020817
75	A	0.4413	171	326	1.648806057
75	G	0.3007	374	567	1.318240883
75	C	-1.1965	150	5	-4.188960178
75	S	-0.2462	402	204	-0.260695931
75	T	-0.2082	159	88	-0.135520919
75	N	0.4246	98	182	1.611015214
75	Q	-0.0785	253	186	0.274095654
75	D	0.4787	105	212	1.731605355
75	E	0.0865	111	114	0.756404566
75	H	0	None	None	None
75	K	0.2304	123	165	1.141738127
75	R	0.1982	455	576	1.058132684
76	*	-0.8034	478	56	-2.375581468
76	F	-0.0308	261	212	0.417944876
76	W	0	None	None	None
76	Y	0.058	70	68	0.676110242
76	P	-0.8085	208	24	-2.397546799
76	M	0.6348	72	182	2.055800057
76	I	-1.1488	153	6	-3.954494924
76	L	-0.3084	538	236	-0.470888895
76	V	-1.4037	565	9	-5.254251638
76	A	-0.8109	515	59	-2.407855155
76	G	-0.3045	872	386	-0.45779687
76	C	-0.7044	237	37	-1.961359465
76	S	-0.7313	664	96	-2.072146513
76	T	-0.3221	278	118	-0.518367605
76	N	-0.3392	135	55	-0.577525466
76	Q	0.2491	88	122	1.189236137
76	D	-1.4812	51	None	-5.672425342
76	E	-0.5254	157	40	-1.254762236
76	H	0.376	71	122	1.498920636
76	K	-0.4597	149	45	-1.009385006
76	R	-0.5325	612	153	-1.282069582
77	*	-0.6675	127	22	-1.81132265
77	F	-0.911	130	11	-2.845005776
77	W	-1.4653	158	2	-5.58585033
77	Y	-0.5032	100	27	-1.17103827
77	P	-1.7014	121	None	-6.918863237
77	M	-0.6094	236	48	-1.579750131
77	I	-0.2822	165	77	-0.381605256
77	L	-0.5958	289	61	-1.526257927
77	V	-1.5093	280	3	-5.826390098
77	A	0.117	169	184	0.840612938
77	G	0.2849	389	574	1.279211
77	C	-1.4938	88	1	-5.741501201
77	S	-0.3487	442	176	-0.610540523
77	T	-0.1138	132	90	0.165389395
77	N	0	None	None	None
77	Q	0.3994	51	91	1.553299716
77	D	-0.1242	168	112	0.132967917
77	E	-0.2897	229	105	-0.407027852
77	H	-0.7404	142	20	-2.109888607
77	K	0.2748	120	174	1.253983318
77	R	-0.1082	426	294	0.182893143
78	*	-1.219	389	12	-4.300733426
78	F	-1.1199	324	14	-3.814564663
78	W	-2.0745	601	None	-9.231221181
78	Y	-1.206	217	7	-4.236265892
78	P	-0.7638	228	30	-2.208069001
78	M	-1.7539	150	None	-7.228818691
78	I	-1.7014	199	1	-6.918694203
78	L	-2.0264	796	1	-8.918694203
78	V	-2.0598	925	1	-9.135379137
78	A	-0.7377	937	133	-2.098692384
78	G	-0.9649	2252	161	-3.088143816
78	C	-1.1965	570	19	-4.188960178
78	S	0	None	None	None
78	T	-1.0671	272	14	-3.562177501
78	N	0.0027	100	87	0.517017724
78	Q	-1.4878	86	1	-5.708334337
78	D	-0.7391	283	40	-2.10479973
78	E	-1.3895	417	7	-5.178618233
78	H	-0.4208	99	33	-0.867032083
78	K	-1.2023	153	5	-4.21752933
78	R	-1.2032	829	27	-4.222410371
79	*	-0.9087	399	34	-2.834851677
79	F	-0.1109	137	94	0.174487187
79	W	-0.1924	136	78	-0.084130204
79	Y	0	None	None	None
79	P	-1.3522	156	3	-4.9825093
79	M	-0.1663	102	62	-0.000298614
79	I	0.0036	218	190	0.519601702
79	L	0.2436	311	427	1.175251907
79	V	-0.0906	307	220	0.237195286
79	A	0.2566	289	406	1.208340653
79	G	0.2273	593	791	1.133576008
79	C	0.6547	114	296	2.094493769
79	S	0.423	373	691	1.607440498
79	T	0.5017	233	487	1.781522235
79	N	0.227	156	208	1.132967917
79	Q	2.3793	31	250	3.729518392
79	D	0.9899	99	382	2.666002626
79	E	0.4383	117	222	1.641981565
79	H	0.4254	64	119	1.612748181
79	K	0.0398	382	358	0.624317367
79	R	0.3283	430	683	1.385479337
80	*	-1.2511	725	20	-4.461978672
80	F	-1.0656	290	15	-3.555088076
80	W	-1.5146	381	4	-5.85571677
80	Y	-1.1281	333	14	-3.854093027
80	P	-1.6873	188	1	-6.836658434
80	M	-1.0275	222	13	-3.37604573
80	I	-1.9458	339	None	-8.405141463
80	L	-2.1775	965	None	-9.914385132
80	V	-2.0057	726	1	-8.78589532
80	A	-2.0121	454	None	-8.826548487
80	G	-1.5327	919	9	-5.956065632
80	C	0	None	None	None
80	S	-1.2722	898	23	-4.569079261
80	T	-1.8803	420	1	-7.9963151
80	N	-0.9345	178	14	-2.950448091
80	Q	-1.7725	162	None	-7.339850003
80	D	-1.7074	124	None	-6.95419631
80	E	-1.9869	406	None	-8.665335917
80	H	-1.0327	330	19	-3.400464283
80	K	-1.7739	163	None	-7.348728154
80	R	-1.0021	1149	73	-3.258408106
81	*	-1.5631	919	8	-6.125990633
81	F	-1.4224	942	14	-5.35429791
81	W	-1.9603	1188	2	-8.496388703
81	Y	-1.9235	506	1	-8.265063157
81	P	-1.1602	583	22	-4.009990037
81	M	-0.6068	454	93	-1.569459258
81	I	-1.2292	571	17	-4.351953676
81	L	-0.5561	1699	399	-1.372294783
81	V	-0.951	1794	134	-3.024944566
81	A	0.2817	875	1284	1.271220698
81	G	0.1853	3544	4383	1.024470493
81	C	-1.499	1077	12	-5.769909616
81	S	0.2308	1525	2047	1.142632278
81	T	0	None	None	None
81	N	0.2543	496	694	1.20252596
81	Q	0.0016	303	263	0.513675424
81	D	0.7178	596	1681	2.213865907
81	E	0.475	768	1542	1.723554967
81	H	0.4094	412	747	1.576394324
81	K	0.289	391	581	1.289299974
81	R	0.1523	2035	2368	0.936570704
82	*	-1.8229	329	1	-7.644013356
82	F	-1.8863	262	None	-8.033423002
82	W	-1.7246	133	None	-7.055282436
82	Y	-1.6566	101	None	-6.658211483
82	P	0.0416	202	190	0.629574544
82	M	-1.5563	68	None	-6.087462841
82	I	-0.5012	70	19	-1.163425086
82	L	-1.8095	311	1	-7.562840352
82	V	-1.9835	400	None	-8.64385619
82	A	-0.2083	441	244	-0.13596709
82	G	-0.3299	456	190	-0.545103988
82	C	-1.3522	208	4	-4.9825093
82	S	-0.4046	510	177	-0.808817469
82	T	0	None	None	None
82	N	-0.046	202	159	0.372601891
82	Q	0.2143	155	202	1.100017495
82	D	-0.5802	268	59	-1.465515723
82	E	0.0431	229	216	0.633614132
82	H	-0.6006	96	20	-1.545103988
82	K	-0.2642	150	73	-0.321063714
82	R	-1.0156	526	32	-3.320988571
83	*	-1.6653	172	1	-6.708334337
83	F	-1.6225	145	1	-6.461978672
83	W	-1.791	175	None	-7.451211112
83	Y	-1.0907	105	5	-3.674387005
83	P	-1.2654	305	8	-4.534735014
83	M	-1.1823	200	7	-4.11857085
83	I	-0.8467	136	14	-2.562177501
83	L	-0.4083	349	120	-0.822262213
83	V	-1.9676	373	None	-8.54303182
83	A	-0.2605	385	189	-0.308541793
83	G	-0.625	821	160	-1.641379899
83	C	-1.9034	282	None	-8.139551352
83	S	0.318	376	587	1.360558259
83	T	0	None	None	None
83	N	-0.0014	51	44	0.504936695
83	Q	NS	1	57	3.835501268
83	D	0.3237	125	197	1.374197953
83	E	0.2865	219	324	1.282993361
83	H	0.9358	31	113	2.58391307
83	K	0.2654	75	107	1.230578714
83	R	0.089	596	615	0.763204498
84	*	-1.5881	77	None	-6.266786541
84	F	-1.5365	63	None	-5.977279924
84	W	-1.3414	50	1	-4.925925772
84	Y	-0.5657	83	19	-1.4091815
84	P	-0.31	119	52	-0.476447627
84	M	-1.4864	52	None	-5.700439718
84	I	-1.0158	10	None	-3.321928095
84	L	-0.5143	61	16	-1.21280692
84	V	-1.2981	214	5	-4.701608474
84	A	-1.1128	113	5	-3.78032045
84	G	0.17	405	487	0.983930282
84	C	-0.7925	124	15	-2.329375297
84	S	0.3193	62	97	1.36364695
84	T	-0.9416	52	4	-2.9825093
84	N	-0.0789	49	36	0.273145575
84	Q	0.0213	62	56	0.57108903
84	D	0.2945	20	30	1.302892919
84	E	-1.3284	29	None	-4.857980995
84	H	0	None	None	None
84	K	-1.1245	47	2	-3.836658434
84	R	-0.7608	339	45	-2.195357949
85	*	-0.918	157	13	-2.876250613
85	F	-1.5446	65	None	-6.022367813
85	W	-1.8048	305	1	-7.534735014
85	Y	-0.7107	150	23	-1.987326316
85	P	-1.0379	106	6	-3.425027536
85	M	-1.4816	84	1	-5.674387005
85	I	-0.4161	86	29	-0.850353342
85	L	-1.9874	407	None	-8.668884984
85	V	-1.4434	291	4	-5.466944925
85	A	0.221	442	583	1.117379932
85	G	0.6566	668	1739	2.098268343
85	C	-1.8745	249	None	-7.960001932
85	S	0.2768	479	697	1.259063418
85	T	0	None	None	None
85	N	0.0896	121	125	0.764851465
85	Q	-0.9799	176	12	-3.1565387
85	D	-1.5814	75	None	-6.228818691
85	E	-0.896	79	7	-2.778495408
85	H	-0.3095	112	49	-0.47471466
85	K	-0.9354	102	8	-2.954494924
85	R	-1.1175	505	22	-3.802777541
86	*	-1.6103	84	None	-6.392317423
86	F	0	None	None	None
86	W	0.437	47	89	1.639074997
86	Y	0.6882	49	133	2.158503009
86	P	-1.364	33	None	-5.044394119
86	M	NS	None	5	None
86	I	-0.8149	106	12	-2.425027536
86	L	-0.5444	194	47	-1.327393573
86	V	-1.5273	100	1	-5.925925772
86	A	-1.6439	96	None	-6.584962501
86	G	-1.9478	342	None	-8.417852515
86	C	-1.462	156	2	-5.567471801
86	S	-0.5344	209	52	-1.288988996
86	T	-1.4025	38	None	-5.247927513
86	N	-1.6931	117	None	-6.87036472
86	Q	-1.601	81	None	-6.339850003
86	D	-0.7908	5	None	-2.321928095
86	E	-1.6041	82	None	-6.357552005
86	H	-1.1181	23	1	-3.805631538
86	K	-1.2632	23	None	-4.523561956
86	R	-1.7587	153	None	-7.257387843
87	*	-1.7113	126	None	-6.977279924
87	F	-0.5684	44	10	-1.419573106
87	W	-1.6072	83	None	-6.375039431
87	Y	-1.0719	12	None	-3.584962501
87	P	-1.2232	20	None	-4.321928095
87	M	-0.9455	8	None	-3
87	I	-0.3549	51	20	-0.632566829
87	L	-1.6964	195	1	-6.889399896
87	V	0	None	None	None
87	A	-0.6937	87	14	-1.917658156
87	G	-1.7347	228	1	-7.114959596
87	C	-1.4025	38	None	-5.247927513
87	S	-1.3575	53	1	-5.009990037
87	T	-0.5224	74	19	-1.243595434
87	N	-1.3468	31	None	-4.95419631
87	Q	-0.9068	70	6	-2.826390098
87	D	-0.7884	49	6	-2.311816925
87	E	0.1689	10	12	0.980964824
87	H	NS	None	None	None
87	K	-0.9455	8	None	-3
87	R	-1.5238	60	None	-5.906890596
88	*	-1.0014	267	17	-3.255302672
88	F	-1.7634	156	None	-7.285402219
88	W	-1.8094	189	None	-7.562242424
88	Y	-1.3652	109	2	-5.050253907
88	P	0.4556	137	267	1.680594267
88	M	-1.0894	230	11	-3.668128014
88	I	-1.1581	16	None	-4
88	L	-1.0924	528	25	-3.682607512
88	V	-1.9231	307	None	-8.262094845
88	A	-1.4878	86	1	-5.708334337
88	G	-1.9194	497	1	-8.239171624
88	C	-0.9247	185	15	-2.906560447
88	S	-0.3941	306	109	-0.7712731
88	T	-1.1711	330	12	-4.063429296
88	N	0.4307	48	90	1.624821014
88	Q	-0.0754	127	94	0.283834583
88	D	-1.7951	178	None	-7.475733431
88	E	-0.739	297	42	-2.10407128
88	H	-0.7814	32	4	-2.282069582
88	K	0	None	None	None
88	R	0.0207	644	581	0.569407893
89	*	-0.9829	9	None	-3.169925001
89	F	-1.2505	22	None	-4.459431619
89	W	-1.5814	75	None	-6.228818691
89	Y	-1.4596	47	None	-5.554588852
89	P	-1.4358	43	None	-5.426264755
89	M	-0.8519	6	None	-2.584962501
89	I	NS	None	None	None
89	L	-1.6386	94	None	-6.554588852
89	V	-0.8156	239	27	-2.428048888
89	A	0	None	None	None
89	G	-1.7146	210	1	-6.9963151
89	C	-1.5195	59	None	-5.882643049
89	S	-0.9241	160	13	-2.903557959
89	T	-0.5476	179	43	-1.339620605
89	N	-1.4358	43	None	-5.426264755
89	Q	-1.0158	10	None	-3.321928095
89	D	-1.2084	19	None	-4.247927513
89	E	-0.298	109	49	-0.435544063
89	H	-1.364	33	None	-5.044394119
89	K	-1.5238	60	None	-5.906890596
89	R	-1.7512	244	1	-7.21280692
90	*	-1.1953	239	8	-4.18293639
90	F	-0.5325	60	15	-1.282069582
90	W	-0.7969	134	16	-2.348158772
90	Y	-1.2753	24	None	-4.584962501
90	P	-1.3722	34	None	-5.087462841
90	M	-0.2746	40	19	-0.356070163
90	I	-1.4706	49	None	-5.614709844
90	L	0	None	None	None
90	V	-1.3626	162	3	-5.036957084
90	A	-1.8745	249	None	-7.960001932
90	G	-1.9123	293	None	-8.194756854
90	C	-1.3284	29	None	-4.857980995
90	S	-0.6757	189	32	-1.844312006
90	T	-1.448	45	None	-5.491853096
90	N	NS	4	None	None
90	Q	-1.571	72	None	-6.169925001
90	D	-1.6386	94	None	-6.554588852
90	E	-1.5848	76	None	-6.247927513
90	H	-1.5281	61	None	-5.930737338
90	K	-1.4164	40	None	-5.321928095
90	R	-1.8933	270	None	-8.076815597
91	*	-1.6439	96	None	-6.584962501
91	F	-1.671	107	None	-6.741466986
91	W	-1.6359	93	None	-6.539158811
91	Y	-1.671	107	None	-6.741466986
91	P	-1.3007	216	5	-4.715028989
91	M	-1.6639	104	None	-6.700439718
91	I	-0.1085	203	140	0.181877518
91	L	-1.4103	386	6	-5.289564119
91	V	0.2524	469	654	1.197633131
91	A	-0.6048	335	69	-1.561562411
91	G	-1.7536	493	2	-7.227513418
91	C	0.9413	66	242	2.592399536
91	S	-0.9247	333	27	-2.906560447
91	T	0	None	None	None
91	N	-1.0663	155	8	-3.558193987
91	Q	-1.6277	90	None	-6.491853096
91	D	-1.742	235	1	-7.158586529
91	E	-1.5914	78	None	-6.285402219
91	H	-1.791	175	None	-7.451211112
91	K	-1.5195	59	None	-5.882643049
91	R	-1.8402	354	1	-7.749675132
92	*	-1.6964	195	1	-6.889399896
92	F	1.7596	7	47	3.465164348
92	W	0.45	251	485	1.668227801
92	Y	0.3504	88	145	1.438407889
92	P	-0.9159	12	1	-2.867032083
92	M	0	None	None	None
92	I	0.2695	87	125	1.240771207
92	L	0.3241	123	194	1.375328755
92	V	0.4184	174	320	1.596915017
92	A	-0.8588	131	13	-2.615052865
92	G	-1.4888	518	6	-5.713915369
92	C	0.0646	63	62	0.694846805
92	S	-0.0842	201	146	0.256703286
92	T	0.5275	99	215	1.836766647
92	N	NS	None	7	None
92	Q	-0.0817	89	65	0.2645648
92	D	NS	None	2	None
92	E	0.3304	32	51	1.39035576
92	H	1.3252	21	109	3.09379732
92	K	-0.5609	69	16	-1.390594039
92	R	-0.7243	461	68	-2.043229681
93	*	-1.7664	158	None	-7.303780748
93	F	-0.5325	88	22	-1.282069582
93	W	-0.2065	54	30	-0.130066489
93	Y	-0.3966	161	57	-0.780096446
93	P	-1.4213	67	1	-5.348158772
93	M	-1.4025	38	None	-5.247927513
93	I	0.1224	20	22	0.855433942
93	L	0.1763	171	208	1.000517621
93	V	0.0032	178	155	0.518321392
93	A	-0.688	214	35	-1.894253551
93	G	-1.0437	486	27	-3.451994583
93	C	-0.2992	145	65	-0.439610859
93	S	-0.7867	130	16	-2.304437395
93	T	-1.7133	127	None	-6.988684687
93	N	-0.4147	65	22	-0.845005776
93	Q	-0.0991	27	19	0.210970429
93	D	0	None	None	None
93	E	-0.194	28	16	-0.089424504
93	H	0.4941	15	31	1.765236133
93	K	-0.8212	108	12	-2.451994583
93	R	-0.5373	162	40	-1.29999149
94	*	-1.2718	78	2	-4.567471801
94	F	-1.3556	32	None	-5
94	W	-1.448	45	None	-5.491853096
94	Y	-1.2868	25	None	-4.64385619
94	P	-1.5637	70	None	-6.129283017
94	M	-0.1242	12	8	0.132967917
94	I	-1.4812	51	None	-5.672425342
94	L	-0.7593	45	6	-2.188960178
94	V	-0.6596	96	17	-1.779569242
94	A	-0.5792	77	17	-1.461393281
94	G	0	None	None	None
94	C	-1.0181	116	7	-3.332695655
94	S	-0.4793	94	27	-1.081770932
94	T	-1.2632	23	None	-4.523561956
94	N	-0.2065	9	5	-0.130066489
94	Q	NS	2	6	2.302892919
94	D	0.105	109	116	0.807727088
94	E	0.6652	30	79	2.114820571
94	H	NS	None	4	None
94	K	NS	None	9	None
94	R	-0.755	200	27	-2.17103827
95	*	-1.0603	171	9	-3.529997095
95	F	-0.3644	167	64	-0.665773875
95	W	-0.2816	107	50	-0.379680379
95	Y	-0.5218	70	18	-1.241427598
95	P	-0.6678	104	18	-1.812584299
95	M	NS	2	31	3.835501268
95	I	-0.3931	98	35	-0.767496409
95	L	0.4234	123	228	1.608305927
95	V	-0.1455	253	161	0.065853721
95	A	0.1217	152	167	0.853707197
95	G	0.5111	317	672	1.801908811
95	C	0.1013	106	112	0.797364885
95	S	0.0828	254	259	0.746054019
95	T	0.4006	113	202	1.555962938
95	N	0.4289	46	86	1.620633217
95	Q	-0.0382	55	44	0.396002323
95	D	2.4194	34	276	3.738992034
95	E	0.3097	89	137	1.34022907
95	H	-0.3618	70	27	-0.656465097
95	K	0	None	None	None
95	R	1.0186	109	433	2.707969308
96	*	-0.3235	78	33	-0.523077682
96	F	-1.5745	73	None	-6.189824559
96	W	-1.6931	117	None	-6.87036472
96	Y	NS	2	15	3.624821014
96	P	-0.5929	47	10	-1.514730339
96	M	0.1396	22	25	0.902354989
96	I	-0.2314	40	21	-0.211680254
96	L	-0.0307	112	91	0.418370136
96	V	-0.2869	182	84	-0.397546799
96	A	0.0332	80	74	0.605455689
96	G	-0.2463	414	210	-0.261311022
96	C	-1.6386	94	None	-6.554588852
96	S	0.4383	117	222	1.641981565
96	T	0.0912	55	57	0.769460719
96	N	3.8791	8	75	3.835501268
96	Q	0	None	None	None
96	D	-0.0059	62	53	0.491654562
96	E	0.0086	92	81	0.534218465
96	H	0.057	197	191	0.673307427
96	K	-0.4157	157	53	-0.848769876
96	R	-0.2735	252	120	-0.35245891
97	*	-0.194	70	40	-0.089424504
97	F	-1.6242	146	1	-6.471894141
97	W	-1.4816	84	1	-5.674387005
97	Y	-1.5195	59	None	-5.882643049
97	P	-0.1722	180	108	-0.019035176
97	M	-0.0382	50	40	0.396002323
97	I	0.726	60	171	2.228892337
97	L	0.0295	293	269	0.594635926
97	V	0.3351	409	657	1.401722945
97	A	0	None	None	None
97	G	-1.3391	595	12	-4.91385294
97	C	-0.3363	195	80	-0.567471801
97	S	-0.868	373	36	-2.655176401
97	T	-0.6398	155	29	-1.700212992
97	N	-1.3869	118	2	-5.164712631
97	Q	-1.4706	49	None	-5.614709844
97	D	-1.0368	88	5	-3.419573106
97	E	-1.5399	105	1	-5.9963151
97	H	-1.2505	22	None	-4.459431619
97	K	NS	1	None	None
97	R	-1.9051	284	None	-8.14974712
98	*	-1.4292	138	2	-5.390594039
98	F	-1.6686	106	None	-6.727920455
98	W	-1.6867	114	None	-6.832890014
98	Y	-1.6359	93	None	-6.539158811
98	P	-1.0936	106	5	-3.688061942
98	M	-0.1242	48	32	0.132967917
98	I	-0.4287	101	33	-0.895886945
98	L	-0.893	246	22	-2.765152469
98	V	-0.3695	391	148	-0.683641014
98	A	0	None	None	None
98	G	-0.2738	166	79	-0.353328265
98	C	-0.8	169	20	-2.361020923
98	S	-0.4028	109	38	-0.802326393
98	T	-0.6478	153	28	-1.732102503
98	N	-1.2451	71	2	-4.431816702
98	Q	-0.0977	17	12	0.215430077
98	D	NS	2	17	3.805393259
98	E	-0.2709	144	69	-0.343470127
98	H	-1.5807	123	1	-6.224584087
98	K	-0.437	25	8	-0.925925772
98	R	-0.4397	236	75	-0.935893941
99	*	-0.7668	253	33	-2.220669037
99	F	-0.9265	186	15	-2.914337798
99	W	0	None	None	None
99	Y	-0.8822	119	11	-2.717455727
99	P	-1.1357	122	5	-3.890878825
99	M	-1.1098	179	8	-3.765885359
99	I	-1.6793	182	1	-6.789864222
99	L	-1.0702	314	16	-3.576690331
99	V	-1.7405	467	2	-7.149348322
99	A	-1.8579	232	None	-7.857980995
99	G	-1.3795	804	14	-5.125766351
99	C	-0.8263	265	29	-2.473937136
99	S	-1.5765	605	5	-6.200932819
99	T	-1.6756	109	None	-6.768184325
99	N	-1.4706	49	None	-5.614709844
99	Q	-1.6413	95	None	-6.569855608
99	D	-1.3414	50	1	-4.925925772
99	E	-1.6519	163	1	-6.630797736
99	H	-1.6277	90	None	-6.491853096
99	K	-1.6793	182	1	-6.789864222
99	R	-1.0857	475	23	-3.650291329
100	*	-1.3175	367	8	-4.801705835
100	F	-1.0943	170	8	-3.691460518
100	W	-1.9458	339	None	-8.405141463
100	Y	-1.6931	117	None	-6.87036472
100	P	-1.7869	172	None	-7.426264755
100	M	-1.7282	222	1	-7.076485448
100	I	-0.9927	168	11	-3.214955386
100	L	-2.0135	457	None	-8.836050355
100	V	-2.0897	644	None	-9.330916878
100	A	-0.5674	158	36	-1.415925329
100	G	-1.0346	699	40	-3.409290133
100	C	-1.9304	317	None	-8.30833903
100	S	-0.7949	691	83	-2.339572051
100	T	-0.6753	413	70	-1.842784537
100	N	-0.0862	159	115	0.250537514
100	Q	-1.3522	52	1	-4.9825093
100	D	-0.8269	119	13	-2.476447627
100	E	-1.636	153	1	-6.539457425
100	H	-1.4963	54	None	-5.754887502
100	K	-0.2286	212	112	-0.202635115
100	R	0	None	None	None
101	*	-1.2808	161	4	-4.61298646
101	F	0	None	None	None
101	W	0.0043	220	192	0.521533205
101	Y	0.4272	96	179	1.616783695
101	P	-0.5382	134	33	-1.303764653
101	M	-0.5426	152	37	-1.32054373
101	I	-0.7476	58	8	-2.140050577
101	L	-0.6325	220	42	-1.671111873
101	V	-1.3146	454	10	-4.786689974
101	A	-1.7964	179	None	-7.483815777
101	G	-1.9602	361	None	-8.495855027
101	C	-1.1826	143	5	-4.120012824
101	S	-0.9313	214	17	-2.936073727
101	T	-1.442	44	None	-5.459431619
101	N	0.227	9	12	1.132967917
101	Q	-1.3284	29	None	-4.857980995
101	D	-0.1405	244	157	0.081813829
101	E	-1.2241	99	3	-4.326463701
101	H	-0.0637	29	22	0.319381041
101	K	-1.448	45	None	-5.491853096
101	R	-1.8474	365	1	-7.793822236
102	*	-1.7347	228	1	-7.114959596
102	F	-0.7497	124	17	-2.148803051
102	W	-0.8748	201	19	-2.68519376
102	Y	-1.719	130	None	-7.022367813
102	P	-1.7798	167	None	-7.383704292
102	M	-1.5496	218	2	-6.050253907
102	I	0	None	None	None
102	L	-1.8736	408	1	-7.954494924
102	V	-0.5666	508	116	-1.412773274
102	A	-0.6126	248	50	-1.592409703
102	G	-1.6685	697	4	-6.727084428
102	C	-1.4533	302	4	-5.520474321
102	S	-1.4166	395	6	-5.322815924
102	T	-1.0083	289	18	-3.287070263
102	N	-1.0992	108	5	-3.715028989
102	Q	-1.4864	52	None	-5.700439718
102	D	-0.784	129	16	-2.293296837
102	E	-1.8422	217	None	-7.761551232
102	H	-1.5424	106	1	-6.009990037
102	K	-1.7074	124	None	-6.95419631
102	R	-1.2626	453	12	-4.520474321
103	*	-0.7874	57	7	-2.307604674
103	F	-1.1927	18	None	-4.169925001
103	W	-0.8137	44	5	-2.419573106
103	Y	-1.176	17	None	-4.087462841
103	P	-1.448	45	None	-5.491853096
103	M	-1.0759	60	3	-3.603997677
103	I	-0.602	53	11	-1.550558418
103	L	-1.6409	156	1	-6.567471801
103	V	-1.7074	124	None	-6.95419631
103	A	-0.1965	88	50	-0.097645011
103	G	-0.4594	268	81	-1.00830877
103	C	NS	None	None	None
103	S	-0.4072	203	70	-0.818122482
103	T	-0.8212	9	1	-2.451994583
103	N	-1.4164	40	None	-5.321928095
103	Q	-0.0921	14	10	0.232503591
103	D	-0.9455	8	None	-3
103	E	-0.7184	20	3	-2.019035176
103	H	-1.2753	24	None	-4.584962501
103	K	0.0555	60	58	0.669020817
103	R	0	None	None	None
104	*	-1.4458	367	5	-5.47977774
104	F	-1.0023	189	12	-3.259349506
104	W	-2.0126	455	None	-8.829722735
104	Y	-1.7014	121	None	-6.918863237
104	P	-1.3476	409	8	-4.958026615
104	M	-0.1876	276	160	-0.068665944
104	I	0	None	None	None
104	L	0.1509	635	737	0.932838445
104	V	-0.1652	942	574	0.003254095
104	A	-1.1255	613	26	-3.841373128
104	G	-2.0842	1033	1	-9.294694121
104	C	-0.3353	107	44	-0.56410495
104	S	-0.7697	719	93	-2.232758731
104	T	-0.8978	261	23	-2.786413623
104	N	-1.2694	232	6	-4.555088076
104	Q	-1.6867	114	None	-6.832890014
104	D	-1.7647	258	1	-7.293296837
104	E	-1.934	322	None	-8.330916878
104	H	-0.9614	83	6	-3.072146513
104	K	-1.8252	202	None	-7.658211483
104	R	-1.1446	729	29	-3.933863591
105	*	-0.9973	186	12	-3.236265892
105	F	-1.8228	200	None	-7.64385619
105	W	-1.4784	166	2	-5.657109013
105	Y	-1.0465	109	6	-3.465291406
105	P	1.0092	154	606	2.694317861
105	M	-0.987	60	4	-3.188960178
105	I	-1.5324	62	None	-5.95419631
105	L	-1.7656	259	1	-7.29887787
105	V	-1.2145	383	12	-4.278307663
105	A	-0.2264	371	197	-0.195293139
105	G	-0.3657	767	293	-0.670395495
105	C	-0.8128	79	9	-2.415925329
105	S	-0.3369	515	211	-0.569399015
105	T	-0.4159	163	55	-0.849438023
105	N	0.1427	28	32	0.910575496
105	Q	-0.2771	72	34	-0.364531742
105	D	0	None	None	None
105	E	-0.3304	149	62	-0.547041792
105	H	-0.9727	86	6	-3.123371836
105	K	-0.4118	44	15	-0.834610605
105	R	-0.2442	306	156	-0.254055206
106	*	-1.0651	386	20	-3.552598524
106	F	-0.881	291	27	-2.712057423
106	W	-1.56	227	2	-6.108618069
106	Y	-1.4003	248	4	-5.236265892
106	P	-1.3899	537	9	-5.180922859
106	M	-1.7063	406	2	-6.947405499
106	I	-0.8072	259	30	-2.391987274
106	L	-1.1042	1164	53	-3.73902447
106	V	-0.4249	776	256	-0.881982424
106	A	0.0825	996	1015	0.745192498
106	G	0.2802	1096	1604	1.267356761
106	C	-0.3247	275	116	-0.527376395
106	S	0.0086	1379	1214	0.534076383
106	T	0	None	None	None
106	N	0.2537	332	464	1.200871982
106	Q	-0.6723	351	60	-1.830506207
106	D	-1.122	466	20	-3.824327632
106	E	-1.4369	426	6	-5.431816702
106	H	-1.1463	177	7	-3.94232021
106	K	-1.3058	308	7	-4.741501201
106	R	-1.8662	1186	3	-7.908995376
107	*	-1.9778	390	None	-8.607330314
107	F	-1.7841	170	None	-7.409390936
107	W	-1.3512	259	5	-4.976949775
107	Y	-1.8486	223	None	-7.8008999
107	P	-1.354	314	6	-4.99172783
107	M	-1.5786	122	1	-6.21280692
107	I	-1.7522	149	None	-7.21916852
107	L	-2.0024	435	None	-8.764871591
107	V	-1.2271	667	20	-4.341684438
107	A	0	None	None	None
107	G	0.5974	1001	2403	1.981325092
107	C	-1.9557	354	None	-8.46760555
107	S	-0.5635	582	134	-1.400855734
107	T	-0.5084	229	61	-1.190536033
107	N	-1.6591	102	None	-6.672425342
107	Q	-1.5406	64	None	-6
107	D	-1.0217	352	21	-3.349183778
107	E	-1.1941	119	4	-4.176887345
107	H	-1.3414	200	4	-4.925925772
107	K	-1.7571	152	None	-7.247927513
107	R	-1.4938	528	6	-5.741501201
108	*	-1.1643	215	8	-4.030262432
108	F	-0.9091	282	24	-2.836658434
108	W	-1.4855	341	4	-5.695697511
108	Y	-0.9416	156	12	-2.9825093
108	P	-1.8193	197	None	-7.622051819
108	M	-1.7473	146	None	-7.189824559
108	I	-1.0845	144	7	-3.644639661
108	L	-2.062	568	None	-9.14974712
108	V	-2.0076	445	None	-8.797661526
108	A	-1.9026	281	None	-8.13442632
108	G	-1.1025	677	31	-3.730885295
108	C	0	None	None	None
108	S	-1.0422	412	23	-3.445008153
108	T	-1.6973	119	None	-6.894817763
108	N	-1.0215	67	4	-3.348158772
108	Q	-0.9953	77	5	-3.226928028
108	D	-1.691	116	None	-6.857980995
108	E	-1.6639	104	None	-6.700439718
108	H	-1.364	33	None	-5.044394119
108	K	-1.5273	100	1	-5.925925772
108	R	-1.122	536	23	-3.824596816
109	*	-1.1075	333	15	-3.754557353
109	F	-0.8598	475	47	-2.619264434
109	W	-1.8668	241	None	-7.912889336
109	Y	-1.3487	154	3	-4.963893622
109	P	-1.3506	517	10	-4.974161957
109	M	-0.2874	384	177	-0.399426533
109	I	-0.184	385	225	-0.057003026
109	L	-0.3672	825	314	-0.675699142
109	V	0	None	None	None
109	A	0.0453	988	936	0.639927906
109	G	0.3889	815	1430	1.529073601
109	C	-1.3814	347	6	-5.135898934
109	S	0.4911	856	1761	1.758642625
109	T	0.1956	523	659	1.051397937
109	N	0.9563	124	462	2.615483149
109	Q	0.6839	216	583	2.150394989
109	D	0.2788	400	584	1.263898787
109	E	0.5014	426	890	1.780882324
109	H	0.0075	362	318	0.530967486
109	K	0.3554	254	422	1.45034492
109	R	0.1848	1023	1264	1.023120736
110	*	-0.7653	145	19	-2.214051159
110	F	-1.1753	279	10	-4.084262799
110	W	-1.8072	308	1	-7.548856123
110	Y	-0.9029	196	17	-2.809316585
110	P	-0.2917	206	94	-0.413981258
110	M	-1.6132	85	None	-6.409390936
110	I	-1.601	81	None	-6.339850003
110	L	-2.0346	502	None	-8.971543554
110	V	-2.016	462	None	-8.851749041
110	A	-1.8609	235	None	-7.876516947
110	G	-1.339	347	7	-4.913506513
110	C	0	None	None	None
110	S	-1.1752	251	9	-4.083688135
110	T	-1.6359	93	None	-6.539158811
110	N	-1.1181	69	3	-3.805631538
110	Q	-1.3822	58	1	-5.140050577
110	D	-1.5881	77	None	-6.266786541
110	E	-1.4253	68	1	-5.369532423
110	H	-1.6305	91	None	-6.50779464
110	K	-1.2753	24	None	-4.584962501
110	R	-0.9777	568	39	-3.146414483
111	*	-1.8411	216	None	-7.754887502
111	F	-0.3746	99	37	-0.701972836
111	W	-0.7354	224	32	-2.089424504
111	Y	-0.3646	201	77	-0.666334733
111	P	-1.8569	231	None	-7.851749041
111	M	-0.0581	129	99	0.336059783
111	I	-0.1743	144	86	-0.025729829
111	L	0.408	220	398	1.573195325
111	V	0	None	None	None
111	A	0.1013	265	280	0.797364885
111	G	0.3515	547	903	1.441115573
111	C	0.178	109	133	1.005028529
111	S	0.5276	256	556	1.836871491
111	T	1.4272	50	279	3.19819554
111	N	0.0097	204	180	0.537358172
111	Q	0.4215	125	231	1.603895175
111	D	0.0703	203	202	0.710805984
111	E	0.0239	163	148	0.578655629
111	H	0.7669	45	135	2.302892919
111	K	0.2107	78	101	1.090739682
111	R	0.1639	434	516	0.967606441
112	*	-0.9457	158	12	-3.000887829
112	F	-0.7646	259	34	-2.211415028
112	W	-1.1684	109	4	-4.050253907
112	Y	-1.6973	119	None	-6.894817763
112	P	-1.7826	169	None	-7.400879436
112	M	-0.5179	127	33	-1.226360149
112	I	-0.0977	68	48	0.215430077
112	L	0	None	None	None
112	V	0.1395	250	284	0.901893253
112	A	0.6104	90	220	2.007437035
112	G	0.4859	218	445	1.747407619
112	C	0.5168	138	295	1.813977105
112	S	0.3842	228	397	1.518035601
112	T	-0.2631	291	142	-0.317197805
112	N	-0.034	57	46	0.40860236
112	Q	0.061	44	43	0.684763554
112	D	-1.5807	123	1	-6.224584087
112	E	-1.4443	73	1	-5.471894141
112	H	-0.0648	37	28	0.315831974
112	K	-0.1632	116	71	0.009696542
112	R	0.36	184	308	1.461155003
113	*	-1.2098	157	5	-4.254762236
113	F	-0.5656	214	49	-1.408826724
113	W	-1.241	210	6	-4.411352599
113	Y	-0.3454	147	59	-0.599098878
113	P	-0.877	213	20	-2.694851107
113	M	-0.7019	159	25	-1.951096348
113	I	-0.2159	57	31	-0.160763286
113	L	-0.8621	570	56	-2.629532769
113	V	-0.4495	429	133	-0.971620984
113	A	-0.1753	678	404	-0.028999562
113	G	0.5266	302	655	1.834876775
113	C	-0.7977	235	28	-2.351231607
113	S	0	None	None	None
113	T	-0.3286	378	158	-0.540531258
113	N	0.6707	141	374	2.125273525
113	Q	-0.155	138	86	0.035670716
113	D	-0.0831	206	150	0.260248581
113	E	-0.2651	175	85	-0.323889758
113	H	-0.0257	162	133	0.433362851
113	K	0.0056	112	98	0.52528534
113	R	0.1654	463	552	0.971586491
114	*	-0.987	300	20	-3.188960178
114	F	-0.4974	394	108	-1.149233899
114	W	-0.4074	177	61	-0.818937795
114	Y	-0.4595	407	123	-1.008440061
114	P	-0.0193	208	173	0.452118927
114	M	-0.1796	327	193	-0.04275937
114	I	0.0137	172	153	0.549053506
114	L	-0.1719	488	293	-0.018050065
114	V	-0.2512	622	312	-0.277438133
114	A	-0.1412	316	203	0.079485587
114	G	0.0499	683	653	0.653127831
114	C	-0.3137	344	149	-0.489165816
114	S	0.4047	464	835	1.56558181
114	T	0.0296	343	315	0.59507367
114	N	0.3855	98	171	1.521073089
114	Q	1.6746	29	187	3.406843883
114	D	-0.1864	277	161	-0.06489487
114	E	0.4153	153	280	1.589825592
114	H	-0.244	151	77	-0.253687781
114	K	-0.0377	231	185	0.397562837
114	R	0	None	None	None
115	*	-0.8267	183	20	-2.475841325
115	F	-0.3245	154	65	-0.52648831
115	W	-0.2842	183	85	-0.388378484
115	Y	-0.1922	61	35	-0.083523903
115	P	-0.5774	302	67	-1.454385131
115	M	-0.2833	217	101	-0.385409332
115	I	-0.2287	248	131	-0.202842891
115	L	0.0307	339	312	0.598191174
115	V	-0.3517	587	232	-0.62130528
115	A	-0.1353	378	246	0.098202499
115	G	-0.3294	712	297	-0.543483892
115	C	-1.6006	266	2	-6.337352018
115	S	-0.2551	511	254	-0.290564376
115	T	-0.6284	404	78	-1.654878846
115	N	-0.1759	321	191	-0.031070241
115	Q	-0.0628	225	171	0.322001742
115	D	-1.0623	306	16	-3.539457425
115	E	-0.0826	177	129	0.261552123
115	H	-0.042	189	150	0.384506684
115	K	0	None	None	None
115	R	0.1105	768	826	0.822965889
116	*	-1.2848	245	6	-4.63374502
116	F	-0.1086	161	111	0.181429406
116	W	-0.313	431	187	-0.486719181
116	Y	-0.0369	187	150	0.399854649
116	P	-0.4391	575	183	-0.93378789
116	M	0.0207	235	212	0.569333926
116	I	0.8311	54	175	2.414254028
116	L	0.1358	601	678	0.8918507
116	V	-0.1381	770	498	0.089217714
116	A	0	None	None	None
116	G	-0.1651	1132	690	0.003724727
116	C	-0.7746	251	32	-2.253613136
116	S	0.1206	665	729	0.850494892
116	T	0.343	411	669	1.420798235
116	N	0.8474	142	469	2.441627411
116	Q	-0.2595	315	155	-0.305153195
116	D	0.1876	310	385	1.030520648
116	E	0.1974	284	359	1.056023332
116	H	-0.0554	263	203	0.344347346
116	K	-0.0326	341	276	0.412826946
116	R	0.1317	870	974	0.880836789
117	*	-1.513	284	3	-5.846854201
117	F	-0.4225	229	76	-0.873345857
117	W	-0.8091	382	44	-2.400066791
117	Y	-0.639	96	18	-1.697107081
117	P	-0.0985	264	186	0.21269511
117	M	0.0988	97	102	0.790442918
117	I	-0.2107	169	93	-0.143790207
117	L	0.0872	423	435	0.758288156
117	V	-0.0135	695	585	0.469354065
117	A	0.0191	595	535	0.564579641
117	G	0	None	None	None
117	C	-0.6273	315	61	-1.650540263
117	S	-0.0535	520	403	0.350198633
117	T	0.1327	345	387	0.883667622
117	N	0.2666	142	203	1.233519216
117	Q	0.8942	58	202	2.518160906
117	D	0.1165	171	186	0.839236714
117	E	0.1343	224	252	0.887855419
117	H	-0.6485	219	40	-1.734928547
117	K	0.0587	110	107	0.678037691
117	R	-0.0068	695	593	0.488949545
118	*	-0.7396	333	47	-2.106859097
118	F	-0.0543	243	188	0.347706766
118	W	-0.086	445	322	0.25118577
118	Y	0.1028	134	142	0.801588347
118	P	0.0019	441	383	0.514496154
118	M	0.7136	149	418	2.20612103
118	I	-0.0101	282	239	0.479245874
118	L	-0.0174	661	552	0.457948413
118	V	0.037	618	576	0.616392392
118	A	0.0325	563	520	0.603307119
118	G	-0.0752	1179	873	0.284420259
118	C	-0.5832	467	102	-1.47692298
118	S	0.1229	940	1035	0.856828524
118	T	0.0757	351	353	0.726127571
118	N	-0.5549	174	41	-1.367461073
118	Q	-0.3008	262	117	-0.445127864
118	D	-0.2447	597	304	-0.25572919
118	E	0.0634	276	271	0.691555003
118	H	0.0631	321	315	0.690708949
118	K	0.433	220	414	1.630057662
118	R	0	None	None	None
119	*	-1.2348	137	4	-4.380101665
119	F	0.3313	166	265	1.392739536
119	W	-0.2757	344	163	-0.359606183
119	Y	0.0629	208	204	0.689916042
119	P	0.4258	158	294	1.613822015
119	M	-0.1861	361	210	-0.063679091
119	I	-0.1611	174	107	0.016453909
119	L	0.1706	712	857	0.985348381
119	V	0.3094	533	820	1.339418795
119	A	0.0295	452	415	0.594718982
119	G	0.0329	714	660	0.604472368
119	C	-1.2212	196	6	-4.311816925
119	S	-0.1926	949	544	-0.084871018
119	T	0.0113	401	355	0.542147206
119	N	-0.1492	179	113	0.054293603
119	Q	0.2987	184	278	1.313309535
119	D	-0.0142	232	195	0.467279737
119	E	0.0819	280	285	0.74346551
119	H	-0.3064	270	119	-0.464067416
119	K	-0.2175	227	123	-0.166103564
119	R	0	None	None	None
120	*	-1.8056	186	None	-7.539158811
120	F	0.0659	150	148	0.698565093
120	W	0.3057	138	211	1.33050515
120	Y	0.1609	148	175	0.959688164
120	P	0.1255	272	301	0.864087253
120	M	0.1809	75	92	1.012673684
120	I	0.0074	156	137	0.530560282
120	L	0.3395	262	424	1.412427871
120	V	-0.0918	533	381	0.233585883
120	A	0	None	None	None
120	G	0.2783	462	674	1.262786158
120	C	-1.167	217	8	-4.043620814
120	S	0.5167	306	654	1.813689401
120	T	-0.226	286	152	-0.194013405
120	N	0.0105	198	175	0.53978491
120	Q	0.8474	76	251	2.441546458
120	D	-0.1113	477	327	0.173231787
120	E	-0.0665	240	181	0.310885709
120	H	0.2839	129	190	1.276558771
120	K	-0.1158	109	74	0.159199459
120	R	0.1868	454	563	1.028373043